6,10,0,9,2022,610000,1098355,972025,548716,3231165,266281,757437,1222164,168069,1849,175141,8223,19572956,42289,28066898,0,0,0,92356,2020,0,0,0,2,41,0,0,0,0,1998,0,0,0,0,,42644,2228,,,,3159176,0,19290,52699,1275710,0,0,,0,0,2106931,0,2106931
6,20,0,9,2022,620000,1135800,1066282,619500,1984359,113891,658616,948619,156016,2998266,124047,434,21121141,174398,31106424,434,0,0,0,9896,0,115225,526519,4,2,0,0,0,0,15596,1169,0,0,0,,47681,5055,,,,1792360,24386,43738,123875,928160,0,0,,0,0,2503948,0,2503948
6,22,0,9,2022,622000,4696543,8856411,16182,686118,42200,56597,32720,6440,457003,10347,0,114651342,842002,130358935,0,0,0,0,25825,0,0,0,9,225,0,0,0,0,6141,1411,290,3594904,0,,180040,5030,,,,674874,1766,9478,0,614075,0,0,,0,0,7767824,0,7767824
7,10,56,9,2022,710056,226151,66567,10260,40259,18361,6414,2976,4006,2093,2709,1614,,0,381410,0,0,0,0,17177,0,75284,0,0,0,53,0,43209,0,0,0,0,,0,332264,410,0,,,,40259,0,0,0,41444,0,0,,0,0,44830,0,44830
7,10,261,9,2022,710261,1825654,222005,22818,73657,36390,16066,1988,7048,1090,4101,0,,0,2211637,0,0,0,0,14710,3064,554971,0,0,0,90,1,64583,800,387,0,0,,0,1984858,2744,820,,,,73657,0,0,0,133444,0,0,,0,0,231052,0,231052
7,10,269,9,2022,710269,1501559,876829,12765,188435,54420,16528,4299,6606,6120,10064,9256,,0,2717762,0,0,0,45970,201951,297,124395,0,0,0,83,6,156862,6794,914,0,0,,0,2471726,3041,30881,,,,188435,0,0,0,222084,0,0,,0,0,362112,0,362112
7,10,398,9,2022,710398,2046390,135819,19596,142183,60996,42503,22841,995,8256,8204,0,,0,2487783,0,0,1232,0,1706,0,63582,0,0,0,558,33,453116,24753,58,0,0,,0,2092591,2858,0,,,,142183,0,0,0,248643,0,0,,0,0,387639,0,387639
7,10,549,9,2022,710549,463585,74589,6357,53464,25212,13442,6492,4612,675,4253,0,,0,652681,0,0,0,0,0,0,31847,0,0,0,71,5,44919,1862,1507,0,0,,0,536615,750,0,,,,53464,0,0,0,98858,0,0,,0,0,118588,0,118588
7,10,551,9,2022,710551,626038,10964,0,5972,816,0,0,0,27003,0,294,,0,671087,0,0,0,0,0,0,765,13973,0,0,336,9,61307,2472,106,0,0,,0,576569,805,0,,,,5972,0,0,0,73339,0,0,,0,0,92487,0,92487
7,10,566,9,2022,710566,8718860,1317017,111956,827341,92324,172367,133327,12341,110590,0,18987,,0,11516960,0,0,0,952859,22636,0,8568,1667826,0,0,510,29,326778,13830,24209,2598,0,,0,9840667,13306,1850,,,,827341,0,0,0,516959,0,0,,0,0,1592861,365355,1958216
7,10,862,9,2022,710862,305722,12020,4446,16841,2320,7120,4398,2009,9086,0,0,,0,363962,0,0,0,0,58976,3272,0,1846,0,0,181,11,84176,3570,1784,0,0,,0,306588,351,0,,,,16841,0,0,0,45906,0,0,,0,0,60921,0,60921
7,10,924,9,2022,710924,882391,71191,654,47240,16691,11118,644,0,8039,1832,0,,0,1039800,0,0,0,0,5007,0,0,0,0,0,366,15,126035,4253,48,50,0,,0,867602,1190,0,,,,47240,0,0,0,152517,0,0,,0,0,171730,0,171730
7,10,973,9,2022,710973,787532,125369,1203,28592,8790,4804,1249,2036,14900,0,0,,0,974475,0,0,0,0,10025,0,0,4245,0,0,67,2,23280,715,1789,0,0,,0,821348,1116,0,,,,28592,0,0,0,101720,0,0,,0,0,144034,0,144034
7,10,981,9,2022,710981,1133668,134666,6849,43890,9464,24262,11600,4403,2944,1632,0,,0,1373378,0,0,0,0,73419,1992,33107,0,0,0,215,16,120215,6071,78,0,0,,0,1184080,1492,0,,,,43890,0,0,0,134277,0,0,,0,0,189560,0,189560
7,10,985,9,2022,710985,886289,121572,2700,52614,26680,3561,1249,6472,18039,916,0,,0,1120092,0,0,0,0,122008,0,0,46560,0,0,7,1,3009,320,2302,0,0,,0,1001395,1207,0,,,,52614,0,0,0,95636,0,0,,0,0,130409,0,130409
7,10,990,9,2022,710990,1021526,131539,13236,43302,29990,0,1013,7957,58162,1581,0,,0,1308306,0,0,0,0,10337,0,0,0,0,0,24,0,2964,0,3527,0,0,,0,1096637,1484,0,,,,43302,0,0,0,113349,0,0,,0,0,211367,0,211367
7,20,33,9,2022,720033,2369069,524443,5926,82217,29458,10409,0,3420,19676,0,0,,0,3044618,0,0,0,0,152488,1053,0,1366,0,0,119,3,9712,140,1261,201,1462,,0,2510719,0,0,,,,50566,4698,6966,19987,198204,0,0,,0,0,537197,0,537197
7,20,40,9,2022,720040,490086,173685,0,5354,8997,0,0,0,9316,0,0,,0,687438,0,0,0,0,81591,0,585,0,0,0,503,24,45611,1130,560,339,182,,0,565870,733,0,,,,5099,0,0,255,58459,0,0,,0,0,123147,0,123147
7,20,60,9,2022,720060,58036,57706,1965,42461,71,10607,0,0,6109,3994,0,,0,180949,0,0,0,0,27369,0,0,0,0,0,0,0,0,0,495,117,0,,0,127973,0,0,,,,27304,3196,0,11961,46736,0,0,,0,0,55118,0,55118
7,20,105,9,2022,720105,781881,232418,21358,66639,22082,15192,0,2193,7373,9492,4023,,0,1162651,4011,0,0,0,33250,0,33589,0,0,0,1,0,41,0,921,0,0,,0,928581,0,0,,,,58316,3307,0,5016,115926,0,0,,0,0,237260,0,237260
7,20,131,9,2022,720131,356160,209497,2480,33581,15924,2956,687,0,10330,3635,0,,0,635250,0,0,0,25631,95527,0,0,0,0,0,157,16,59898,2604,0,2040,799,,0,524811,0,0,,,,30052,253,0,3276,52683,0,0,,0,0,111488,0,111488
7,20,143,9,2022,720143,527203,167186,3905,30719,4712,3215,961,3422,37610,5428,94,,0,784455,94,0,0,0,6714,0,0,4055,0,0,54,2,4357,413,840,1833,0,,0,586187,0,0,,,,24402,3342,0,2975,55758,0,0,,0,259,198423,0,198423
7,20,168,9,2022,720168,375609,187193,1843,81866,24827,10174,371,0,2697,4626,2593,,0,691799,2584,0,0,0,23934,0,50210,0,0,0,209,16,76970,4127,349,141,0,,0,588876,773,0,,,,65268,12226,0,4372,64769,0,0,,0,0,107665,5653,113318
7,20,186,9,2022,720186,249334,62744,1816,13530,3803,2956,0,0,16567,3146,0,,0,353896,0,0,0,0,9710,0,0,0,0,0,52,0,42266,0,13,14,0,,0,262064,0,0,,,,11777,74,0,1679,50418,0,0,,0,65,90435,0,90435
7,20,188,9,2022,720188,490082,150404,8852,89437,29055,8169,1449,0,16246,6474,0,,0,800168,0,0,0,0,13589,0,148854,0,0,0,46,2,17820,141,224,592,0,,0,670970,0,0,,,,78759,7025,0,3653,115995,0,0,,0,379,128606,550,129156
7,20,194,9,2022,720194,1647142,322486,71,44307,14138,4634,0,0,59856,5878,0,,0,2098512,0,0,0,0,22570,0,1424,0,0,0,280,6,41447,635,4266,280,0,,0,1627222,0,0,,,,43188,0,1119,0,125340,0,0,,0,392,473216,0,473216
7,20,331,9,2022,720331,1277621,398790,5318,62926,12009,7898,165,2768,104063,11255,0,,0,1882813,0,0,0,0,123052,0,0,2048,0,0,123,7,50588,23332,1166,282,0,,0,1521120,0,0,,,,55383,5217,0,2326,136413,0,0,,0,1728,368460,0,368460
7,20,335,9,2022,720335,792040,483081,3146,65032,16139,3004,401,0,35945,2688,0,,0,1401476,0,0,0,201758,24627,0,0,27250,0,0,78,9,38701,5460,597,0,0,,0,1093880,0,0,,,,58483,3761,0,2788,148983,0,0,,0,0,275545,7,275552
7,20,336,9,2022,720336,965928,241059,2030,28356,6534,3938,0,0,15362,4580,0,,0,1267787,0,0,0,0,83257,37,8641,131661,0,0,17,0,1804,0,1272,0,0,,0,1000291,1307,0,,,,21075,229,0,7052,84939,0,0,,0,0,270426,0,270426
7,20,345,9,2022,720345,3499812,1407365,110244,404328,118984,186741,25785,0,91576,78162,5640,,0,5928637,0,0,0,161197,121240,1261,151,0,0,0,1465,68,152060,20772,2689,3676,1045,,15273,4795562,0,0,,,,374306,11926,15236,2860,339082,0,0,,0,105,1071579,1033,1072612
7,20,376,9,2022,720376,835083,221046,31847,186011,47338,70294,16457,11747,20917,19855,0,,0,1465612,0,3,153,76525,25958,0,0,0,0,0,34,0,31373,0,140,0,0,,0,1132848,0,5017,,,,172106,6840,0,7065,183845,0,0,,0,96,330980,0,330980
7,20,735,9,2022,720735,1640090,312953,0,22556,18770,0,0,0,103850,0,0,,0,2098378,0,0,0,0,164458,0,1199,0,0,0,197,7,66728,446,1873,34,0,,0,1654621,2214,159,,,,9356,1150,1659,10391,83593,0,0,,0,585,452148,0,452148
7,20,899,9,2022,720899,1711782,561007,6973,131093,39917,13368,0,402,131534,5878,1398,,0,2786290,1398,0,0,30157,861673,0,5946,0,0,0,1201,115,302644,16057,172,657,0,,0,2346641,0,182938,,,,114949,5508,0,10636,204440,0,0,,0,0,435465,0,435465
7,20,922,9,2022,720922,314796,167772,633,15737,16254,2359,0,0,21233,1050,0,,0,558389,0,0,0,0,76602,550,0,0,0,0,306,10,35014,254,1444,0,0,,35,438141,546,18555,,,,14086,1651,0,0,99194,0,0,,0,0,112926,0,112926
7,22,12,9,2022,722012,6773616,2013954,107280,2463108,141851,362615,45148,54313,289777,39637,0,,0,12305967,0,0,0,1031190,403394,0,2051,0,0,0,1022,55,423511,34583,7312,1628,943,,0,10364024,0,14668,,,,2463108,0,0,0,701234,0,0,,0,0,2027987,0,2027987
7,22,114,9,2022,722114,555426,333682,48702,314183,11501,94989,85288,2734,0,6695,0,,0,1455333,0,0,0,0,32190,0,0,0,0,0,238,5,50618,1661,0,45,0,,0,1165630,0,2133,,,,300306,1224,2219,10434,150250,0,0,,0,0,306625,0,306625
7,22,146,9,2022,722146,2770526,682237,100966,974688,90798,212268,115522,29440,0,37909,0,,0,5032522,0,0,0,0,164152,0,0,0,0,0,159,10,69142,1303,0,0,0,,0,4148223,0,18168,,,,974688,0,0,0,297738,0,0,,0,0,1011690,0,1011690
7,22,198,9,2022,722198,23170369,6268909,537947,3271486,730588,683498,872401,74216,863636,190515,0,,0,37390968,0,0,0,3879556,684535,0,0,0,0,0,26977,1174,3685050,130146,9960,4048,7102,,0,31340611,0,727403,,,,2231268,93689,119685,826844,1308233,0,0,,0,0,6373790,0,6373790
7,22,216,9,2022,722216,4663947,2363601,450116,2383224,205927,548744,471190,81703,3512,119842,0,,0,11296733,0,0,0,1330849,253355,1617,91820,0,0,0,1519,83,417865,52128,2012,0,0,,0,9170454,0,4927,,,,2268828,30711,17538,66147,725546,0,0,,0,0,2235438,0,2235438
7,22,308,9,2022,722308,683879,514164,247,53129,23052,3856,0,0,2602,0,0,,0,1280929,0,0,0,0,6012,0,935,0,0,0,74,2,16205,103,802,0,0,,0,1050826,0,0,,,,48642,0,0,4487,125677,0,0,,0,0,242041,0,242041
7,22,313,9,2022,722313,1150115,203856,39419,264598,10971,73201,38096,2160,15511,5976,0,,0,1803903,0,0,0,0,33114,0,0,0,0,0,84,2,16096,142,1070,93,11,,0,1483237,0,0,,,,258838,795,230,4735,146610,0,0,,0,0,327944,0,327944
7,22,350,9,2022,722350,1183496,638422,30013,246610,69203,43189,23709,52,11024,5556,0,,0,2252448,0,0,0,53364,41132,0,0,0,0,0,25,0,6853,0,494,112,0,,0,1883131,0,1174,,,,244831,0,0,1779,163484,0,0,,0,0,375788,0,375788
7,22,406,9,2022,722406,536231,372340,0,16683,9908,3698,0,0,2588,0,0,,0,969548,0,0,0,0,44895,0,8140,0,0,0,58,1,32471,545,0,0,0,,0,821812,0,28100,,,,16683,0,0,0,127135,0,0,,0,0,173768,0,173768
7,22,644,9,2022,722644,3517739,637408,86533,974795,152173,212026,119444,16562,45599,37876,0,,0,5800155,0,0,0,0,290461,0,0,0,0,0,101,3,78348,829,1437,7762,0,,0,4879849,0,0,,,,974795,0,0,0,271506,0,0,,0,0,984481,0,984481
7,22,825,9,2022,722825,18248372,4828102,0,3218979,270537,195452,18222,0,866928,0,12565,,0,28731853,12565,0,17470,2372438,1478364,0,0,0,0,0,520,38,307025,32097,17319,9882,870,,0,25450666,0,1072696,,,,3153465,789,14605,50120,1270596,0,0,,0,0,4802093,0,4802093
7,22,918,9,2022,722918,13864097,3630468,302126,4527290,592578,849867,600298,145553,91575,161979,275994,,0,25564713,275994,0,131110,2313468,1037313,0,221553,0,0,0,2177,115,1442420,39556,14896,2507,463,,0,22888550,0,522888,,,,4527290,0,0,0,1044433,0,0,,0,18399,4175853,0,4175853
7,25,31,9,2022,725031,236489,93265,0,13136,3389,3663,0,0,0,0,0,,0,349942,0,0,0,0,25277,0,8057,0,0,0,1,0,0,0,297,0,0,,0,276128,336,0,,,,13136,0,0,0,53785,0,0,,0,0,60458,0,60458
7,25,131,9,2022,725131,1278418,231530,54228,165691,10532,66812,46137,6511,435,6268,0,,0,1866562,0,0,0,0,8794,0,0,0,0,0,93,0,23814,0,0,286,0,,0,1582589,2226,0,,,,162022,0,1462,2207,195081,0,0,,0,0,300526,0,300526
7,25,247,9,2022,725247,898093,275069,9991,60745,10865,11958,8523,62,0,0,0,,0,1275306,0,0,0,0,18721,0,0,0,0,0,88,2,33610,1368,0,0,0,,0,1012239,1400,0,,,,57302,0,0,3443,181455,0,0,,0,0,250135,0,250135
7,25,256,9,2022,725256,9760552,3315928,182499,2847934,426232,294795,126856,94310,1546,70261,0,,0,17120913,0,0,0,4133758,40157,2400,113124,0,0,0,2372,143,5941305,890725,0,111,0,,0,14315275,19746,0,,,,2385086,96389,10681,355778,951663,0,0,,0,0,2607991,0,2607991
7,25,326,9,2022,725326,4288547,3126413,462219,1430362,297967,310679,189683,51065,65221,38020,0,,0,10268207,0,0,0,236689,328917,18144,4863,0,0,0,60,2,107173,2034,3391,1643,3232,,0,8420269,10777,8031,,,,1213782,60157,47800,108623,557057,0,0,,0,0,1878353,-465307,1413046
7,25,429,9,2022,725429,891239,460348,43444,72318,2833,30216,16872,4650,80,0,0,,0,1522000,0,0,0,0,5257,0,19242,0,0,0,696,26,351254,7745,1451,0,0,,0,1256241,1808,0,,,,65537,0,6557,224,213724,0,0,,0,0,253476,0,253476
7,25,450,9,2022,725450,2952406,628675,14389,296490,140153,9571,20785,0,1644,0,32545,,0,4096658,32545,0,0,0,1106,0,446736,0,0,0,626,20,763447,14977,0,0,0,,0,3459570,4720,0,,,,207774,21494,28690,38532,457684,0,0,,0,0,590517,0,590517
7,25,457,9,2022,725457,7371930,2603172,431483,1297162,491472,276216,255486,96825,83,39123,201742,,0,13064694,201742,-505,8474,182940,29413,399,132379,0,0,0,1890,124,3349149,313561,0,0,0,,0,11348274,14676,0,,,,1297162,0,0,0,862621,0,0,,0,0,2012546,0,2012546
7,25,466,9,2022,725466,380982,99595,34785,64349,37704,21209,19077,1302,0,5028,0,,0,664031,0,0,0,0,1870,0,0,0,0,0,141,9,100397,3487,0,0,0,,0,478120,650,0,,,,62710,0,1639,0,133740,0,0,,0,0,125944,0,125944
7,25,488,9,2022,725488,457347,187434,50467,143912,6224,33103,34173,6376,0,7687,0,,0,926723,0,0,0,0,16771,0,0,0,0,0,263,5,122665,895,0,0,0,,0,725570,959,0,,,,140150,0,1096,2666,124876,0,0,,0,0,179337,0,179337
7,25,646,9,2022,725646,164575,51401,18665,13937,0,15627,4587,0,0,4021,0,,0,272813,0,0,0,0,13199,0,12028,0,0,0,237,13,63504,2288,0,0,0,,0,213403,276,0,,,,13937,0,0,0,51280,0,0,,0,0,63328,0,63328
7,25,676,9,2022,725676,951503,263206,76440,106030,19083,0,0,0,0,0,15227,,0,1431489,0,0,0,0,6469,3272,3679,0,0,0,197,5,337974,1071,0,0,0,,0,1128537,1531,0,,,,106030,0,0,0,158169,0,0,,0,0,280886,0,280886
7,25,715,9,2022,725715,304619,70896,12176,11980,0,6535,7454,0,0,1,0,,0,413661,0,0,0,0,9008,0,0,0,0,0,57,0,11746,0,0,0,0,,0,299188,411,0,,,,8230,0,0,3750,71521,0,0,,0,0,98115,0,98115
7,25,818,9,2022,725818,1636784,372431,26426,39030,6650,34474,11627,2845,0,0,21337,,0,2151604,1210,0,0,0,1545,0,93111,0,0,0,587,20,906804,41085,0,0,0,,0,1791601,2456,0,,,,39030,0,0,0,332096,0,0,,0,0,333827,0,333827
7,25,839,9,2022,725839,1546000,496497,116510,234083,34830,54704,39918,6088,52164,22422,0,,0,2603216,0,0,0,0,1217,0,0,0,0,0,495,20,234848,25182,298,177,1156,,0,2123765,0,0,,,,163787,6851,9035,54410,223080,0,0,,0,0,489291,0,489291
7,25,898,9,2022,725898,7302054,3419672,515367,1798618,387248,191408,292723,110847,296031,30061,59787,,0,14407509,0,0,0,1368884,113740,0,0,0,0,0,697,39,478072,26295,27771,2489,787,,0,11789368,15512,3693,,,,1578902,85347,52325,82044,777776,0,0,,0,0,2834517,76794,2911311
7,25,940,9,2022,725940,946339,206507,45097,150197,19361,35029,31650,4167,22,8559,0,,0,1447668,0,0,0,0,19707,0,0,0,0,0,408,11,237489,5282,0,0,0,,0,1191945,1639,740,,,,146524,0,197,3476,186028,0,0,,0,0,257223,0,257223
7,25,947,9,2022,725947,1183868,381859,156927,141398,22909,55202,56308,1397,1017,3466,313,,0,2004664,0,0,0,33302,36670,0,160186,0,0,0,122,5,224407,4288,279,0,0,,0,1558165,2168,0,,,,131670,0,491,9237,254603,0,0,,0,0,426396,0,426396
7,25,983,9,2022,725983,919376,320088,42458,9530,3393,19108,422,0,1515,2008,0,,0,1317898,0,0,0,0,108731,0,36582,0,0,0,664,31,269628,5948,5307,656,0,,0,1090373,1409,0,,,,8135,0,0,1395,144433,0,0,,0,0,218301,0,218301
8,10,586,9,2022,810586,843966,6407,8175,35226,18121,13182,15393,2447,18197,2007,0,,0,963121,0,0,0,0,0,0,0,187030,0,0,337,14,178412,6265,1249,0,0,,0,824301,1120,0,,,,35226,0,0,0,116324,0,0,,0,0,138931,0,138931
9,25,0,9,2022,925000,3452247,3481414,13199827,4092808,711761,5161347,19649202,2492778,0,8546535,3661515,69820846,62999,134341976,3323469,11272,338046,13385523,2308939,0,0,0,2,1,0,0,0,0,28000,0,0,4035860,0,,208135,8697,,,,3493486,172531,98260,328531,3901657,0,0,,0,0,13605370,0,13605370
20,0,2,9,2022,2000002,0,0,0,0,0,0,0,0,0,0,0,0,0,0,0,0,0,0,0,0,0,0,0,0,0,0,0,0,0,0,0,0,0,0,0,0,,,,0,0,0,0,0,0,0,,0,0,0,0,0
20,0,4,9,2022,2000004,0,0,0,0,0,0,0,0,0,0,3648950,0,0,3648950,3310904,11272,338046,0,0,0,0,0,0,0,0,0,0,0,2211,0,0,0,0,0,0,0,,,,0,0,0,0,301649,0,0,,0,0,13605370,0,13605370
20,0,7,9,2022,2000007,0,0,0,0,0,0,0,0,0,0,0,0,0,0,0,0,0,0,0,0,0,0,0,0,0,0,0,0,0,0,0,0,0,0,0,0,,,,0,0,0,0,0,0,0,,0,0,0,0,0
20,0,9,9,2022,2000009,0,0,0,0,0,0,0,0,0,0,0,0,0,0,0,0,0,0,0,0,0,0,0,0,0,0,0,0,0,0,0,0,0,0,0,0,,,,0,0,0,0,0,0,0,,0,0,0,0,0
20,0,11,9,2022,2000011,0,0,0,0,0,0,0,0,0,0,0,0,0,0,0,0,0,0,0,0,0,0,0,0,0,0,0,0,0,0,0,0,0,0,0,0,,,,0,0,0,0,0,0,0,,0,0,0,0,0
20,0,12,9,2022,2000012,0,0,0,0,0,0,0,0,0,0,0,0,0,0,0,0,0,0,0,0,0,0,0,0,0,0,0,0,0,0,0,0,0,0,0,0,,,,0,0,0,0,0,0,0,,0,0,0,0,0
