6,10,0,9,2022,610000,77644,49352,27962705,0,0,0,23531,12841,27973395,80662,0,0,0,11925,96011,0,139563,109475,35338562,33285380,0,0,123119,122458,0,0,126844,58161,33595297,1743265,35338562,-505560,0,0,33285380,3424,0,0,4386,0,1793,0,0,409083,750000,0,66804,1022938,6709403,157833,25886,6893122
6,20,0,9,2022,620000,741305,77265,30981363,0,0,0,41129,22128,31000364,83932,0,0,0,26141,110073,0,108666,34674,41749561,39929133,0,0,64088,115393,0,0,115393,47604,40156741,1592820,41749561,-969506,0,0,39929133,0,0,0,0,0,523,0,0,299131,0,63668,413,2199114,9592101,82260,2853,9677214
6,22,0,9,2022,622000,905564,71733,129526196,0,0,0,47986,34130,129540052,784753,0,0,0,27708,815307,31,2141,295332,151842987,140610104,0,3594904,235658,461285,0,0,470973,57439,144903075,6939912,151842987,-804451,0,-66003,144139005,2846,0,0,9688,0,0,0,0,4108457,250000,0,0,3385906,20172490,10598,29739,20212827
7,10,56,9,2022,710056,0,4872,372891,0,0,0,3419,1065,375245,5100,0,0,0,0,5100,3,603,625,394977,,331472,4814,3089,,793,0,793,793,341006,53971,394977,-484,0,0,336286,0,0,0,0,0,45,0,0,420,0,0,0,54035,0,8313,216,8529
7,10,261,9,2022,710261,31,14447,2182854,0,0,83,11241,2858,2191320,17458,0,0,1,7,17466,0,16890,4047,2275646,,1980709,2506,14015,,4149,18,4167,2231,2003794,271852,2275646,-332,0,0,1983215,0,0,0,0,0,166,0,0,4577,0,47596,54518,165493,514,30931,0,31445
7,10,269,9,2022,710269,9,27785,2668698,0,0,0,19849,9416,2679131,29215,0,0,0,930,30145,0,26398,819,2940757,,2466181,29792,22278,,5545,2,5547,1177,2527191,413566,2940757,264,0,0,2495973,0,0,0,0,0,2216,0,0,4453,80000,72711,57373,198765,131654,43406,1410,176470
7,10,398,9,2022,710398,157,11341,2471318,0,0,0,2984,6248,2468054,13481,0,0,0,0,13481,0,3739,3135,2535244,,2088342,147,15141,,4249,1,4250,2431,2110426,424818,2535244,-931,0,0,2088489,0,0,0,0,0,115,0,0,5872,0,91344,89774,238759,0,34504,833,35337
7,10,549,9,2022,710549,2,2959,641924,0,0,0,3875,1680,644119,6882,0,0,0,0,6882,0,5509,187,669701,,535385,4,3754,,1230,0,1230,426,541021,128680,669701,-71,0,0,535389,0,0,0,0,0,222,0,0,2050,0,0,0,126701,0,9810,233,10043
7,10,551,9,2022,710551,14,3065,667761,0,0,0,112,5477,662396,3214,0,0,0,0,3214,0,5693,378,686072,,575471,1,7530,,1098,0,1098,1434,585634,100438,686072,-298,0,0,575472,0,0,0,0,0,100,0,0,2674,0,0,0,98062,0,11039,273,11312
7,10,566,9,2022,710566,0,60634,11383025,0,0,65,53042,26354,11409778,80828,0,0,0,19,80847,337,16377,19836,11779502,,9819224,14350,137107,,21442,12,21454,13717,10006207,1773295,11779502,-3009,0,0,9833574,0,0,0,0,0,355,0,0,28528,200000,0,743400,804376,1549,159202,30942,191693
7,10,862,9,2022,710862,117,1587,358012,0,0,0,3849,1449,360412,2101,0,0,0,0,2101,0,4800,43,374448,,305943,0,1419,,645,0,645,306,308313,66135,374448,1,0,0,305943,0,0,0,0,0,0,0,0,1205,0,0,0,64929,0,5193,195,5388
7,10,924,9,2022,710924,95,4701,1020144,0,0,0,7081,6569,1020656,12575,0,0,0,0,12575,0,4193,675,1059345,,865877,0,6745,,1725,0,1725,904,875420,183925,1059345,-853,0,0,865877,0,0,0,0,0,169,0,0,2978,0,0,0,181800,0,15972,478,16450
7,10,973,9,2022,710973,7,4293,958550,0,0,0,1368,1312,958606,14557,0,0,0,0,14557,0,3926,393,996796,,819816,0,4553,,1532,0,1532,9979,835919,160877,996796,-96,0,0,819816,0,0,0,0,0,39,0,0,3934,0,0,0,157039,0,14690,324,15014
7,10,981,9,2022,710981,17,7118,1360693,0,0,0,904,1713,1359884,11781,0,0,0,14,11795,12,16007,685,1418361,,1181704,99,6249,,2376,16,2392,13360,1203876,214485,1418361,-211,0,0,1181803,0,0,0,0,0,72,0,0,5202,0,10239,62452,136803,1238,21137,468,22843
7,10,985,9,2022,710985,41,6300,1105709,0,0,0,6867,3032,1109544,7516,0,0,0,0,7516,2104,13598,175,1158062,,999331,3,5076,,2063,1,2064,1020,1007566,150496,1158062,-5,0,0,999334,0,0,0,0,0,72,0,0,3507,0,0,0,146994,0,18127,657,18784
7,10,990,9,2022,710990,21,4996,1294607,0,0,0,2465,8501,1288571,11234,0,0,0,0,11234,0,6445,1443,1333423,,1094365,0,6521,,2271,0,2271,3699,1106973,226450,1333423,-429,0,0,1094365,0,0,0,0,0,117,0,0,4507,0,0,0,222372,0,20155,558,20713
7,20,33,9,2022,720033,65,15056,3013376,0,0,602,2808,20653,2996133,27819,0,0,13,0,27832,35,17666,1256,3123627,,2504873,500,5198,,5846,0,5846,25285,2541702,581925,3123627,-15012,0,0,2505373,0,0,0,0,0,0,0,0,53326,0,0,256357,287254,0,64163,1421,65584
7,20,40,9,2022,720040,1024,3868,679565,0,0,0,1043,4411,676197,6830,0,0,0,0,6830,0,5218,68,699877,,564571,2,1450,,1299,0,1299,3511,570833,129044,699877,0,0,0,564573,0,0,0,0,0,0,0,0,4400,0,0,86665,37979,0,6437,235,6672
7,20,60,9,2022,720060,674,986,174031,0,0,0,6307,1284,179054,611,0,0,0,0,611,1672,886,85,185277,,127641,0,338,,332,0,332,1189,129655,55622,185277,0,0,0,127641,0,0,0,0,0,155,0,0,495,0,0,0,55127,0,1164,145,1309
7,20,105,9,2022,720105,17,9315,1145398,0,0,536,6704,8812,1143826,10010,0,0,3,12,10025,0,4456,259,1179944,,926478,0,2170,,2104,0,2104,2994,933746,246198,1179944,-254,0,0,926478,0,0,0,0,0,0,0,0,2592,0,0,120233,123627,2520,8892,634,12046
7,20,131,9,2022,720131,2,2985,612309,0,5377,162,8690,12274,614264,8607,0,104,1,101,8813,88,3639,1180,641593,,523509,0,1119,,1302,0,1302,3585,530073,111520,641593,-184,0,0,523509,0,0,0,0,0,558,0,0,1898,0,0,70512,39294,5205,5054,363,10622
7,20,143,9,2022,720143,1184,3339,776486,0,0,0,1366,732,777120,6603,0,0,0,0,6603,0,1920,1205,797809,,584687,2,1288,,1501,0,1501,4133,591667,206142,797809,-280,0,0,584689,0,0,0,0,259,56,0,0,5595,0,0,0,200827,0,5696,483,6179
7,20,168,9,2022,720168,2,6025,667637,0,5010,323,10212,4634,678548,8548,0,66,3,75,8692,77,2929,308,712981,,587473,0,980,,1403,0,1403,2379,592842,120139,712981,0,0,0,587473,0,0,0,0,0,607,0,0,1574,0,0,9707,108858,4318,11780,302,16400
7,20,186,9,2022,720186,0,2020,350763,0,0,411,233,4951,346456,2488,0,0,1,0,2489,0,1758,132,355870,,261415,14,1086,,650,43,693,2356,265585,90285,355870,0,0,0,261429,0,0,0,0,65,21,0,0,1435,0,0,36420,52430,0,2638,312,2950
7,20,188,9,2022,720188,11,5342,792091,0,24,0,4372,3123,793364,3681,0,0,0,17,3698,0,4510,4821,820951,,669352,0,1483,,1618,0,1618,11757,684210,136741,820951,-468,0,0,669352,0,0,0,0,379,0,0,0,1207,0,0,17827,118175,1921,6533,372,8826
7,20,194,9,2022,720194,90,9237,2064484,0,0,0,20861,18154,2067191,13167,0,0,0,0,13167,610,12419,2381,2122359,,1623198,0,4850,,4024,0,4024,10463,1642535,479824,2122359,-36,0,0,1623198,0,0,0,0,392,0,0,0,10899,0,0,92568,376393,0,15821,1051,16872
7,20,331,9,2022,720331,148,9202,1857750,0,477,1,6594,4954,1859868,17988,0,3,0,3,17994,1603,18053,5670,1931848,,1517395,1550,4272,,3725,0,3725,17926,1545310,386538,1931848,-1150,0,0,1518945,0,0,0,0,1728,442,0,0,10659,0,0,204461,172568,672,15566,1344,17582
7,20,335,9,2022,720335,4,6595,1369038,0,0,21,11724,13079,1367704,20693,0,0,0,0,20693,0,15161,3568,1424696,,1091259,41,2230,,2621,0,2621,9092,1105243,319453,1424696,0,0,0,1091300,0,0,0,0,0,0,0,0,44461,0,0,186657,88335,0,10250,721,10971
7,20,336,9,2022,720336,11,6705,1248219,0,0,338,5261,5809,1248009,13965,0,0,4,0,13969,470,11312,1912,1292340,,997856,0,2681,,2435,0,2435,9670,1012642,279698,1292340,-408,0,0,997856,0,0,0,0,0,0,0,0,4822,0,0,56491,218793,0,8870,1082,9952
7,20,345,9,2022,720345,144,28536,5859859,0,0,0,35644,23308,5872195,33134,0,0,0,0,33134,735,28542,6084,6019342,,4783867,10,74602,,11695,0,11695,27494,4899160,1120182,6019342,-485,0,0,4783877,0,0,0,0,105,1492,0,0,21529,0,267216,568517,263405,0,46782,3085,49867
7,20,376,9,2022,720376,15,7268,1450768,0,4949,562,1403,8365,1449317,7894,0,33,3,44,7974,0,8009,1327,1489958,,1129843,4459,4908,,3005,0,3005,5029,1147730,342228,1489958,-229,0,0,1134302,0,0,0,0,96,486,0,0,2926,0,7873,136542,195116,2140,12838,974,15952
7,20,735,9,2022,720735,32,11712,2068291,0,0,157,11625,15747,2064326,18304,0,0,1,20,18325,36,19990,2495,2142413,,1650480,64,3677,,4141,0,4141,18103,1676718,465695,2142413,-1544,0,0,1650544,0,0,0,0,585,253,0,0,11221,0,0,101191,354827,3602,19853,1457,24912
7,20,899,9,2022,720899,44,15310,2742483,0,0,0,3173,7716,2737940,40634,0,0,0,314,40948,0,7666,2160,2833585,,2341516,2157,2943,,5125,0,5125,9731,2361472,472113,2833585,0,0,0,2343673,0,0,0,0,0,0,0,0,8084,8787,0,309159,146083,5804,20437,3276,29517
7,20,922,9,2022,720922,386,1931,545241,0,0,34,6307,3923,547659,6807,0,0,0,0,6807,0,6975,269,569426,,437109,8042,1833,,1031,0,1031,3656,451671,117755,569426,0,0,0,445151,0,0,0,0,0,0,0,0,4877,0,15817,51295,45766,0,5001,398,5399
7,22,12,9,2022,722012,0,32483,12190417,0,0,2976,28849,38843,12183399,83711,0,0,14,7,83732,792,51783,40479,12738117,,10308783,14482,95928,,55241,0,55241,33560,10507994,2230123,12738117,-3411,0,0,10323265,0,0,0,0,0,0,0,0,25879,0,0,499090,1708565,1526,311351,32572,345449
7,22,114,9,2022,722114,0,4624,1430861,0,0,0,4817,3696,1431982,19655,0,0,0,0,19655,0,11714,8052,1513029,,1159083,0,7274,,6547,0,6547,5692,1178596,334433,1513029,-1187,0,0,1159083,0,0,0,0,0,0,0,0,2056,0,0,116463,217101,0,36538,464,37002
7,22,146,9,2022,722146,612,17072,4964710,0,0,0,4414,8506,4960618,63398,0,0,0,500,63898,0,20381,19805,5337853,,4126693,0,7427,,21530,0,21530,10191,4165841,1172012,5337853,-1524,0,0,4126693,0,0,0,0,0,0,0,0,7933,0,0,0,1165603,66772,161990,26705,255467
7,22,198,9,2022,722198,30555,102406,36047028,0,708032,0,90257,57000,36788317,540639,0,5012,0,0,545651,0,230354,23269,38710000,,31170569,0,106559,,170042,0,170042,67727,31531897,7178103,38710000,0,0,0,31170569,0,0,0,0,0,17000,0,0,0,0,0,1973866,5204237,0,812934,176514,989448
7,22,216,9,2022,722216,4178,30607,11137583,0,0,0,26320,28391,11135512,132830,0,0,0,0,132830,0,48549,66709,11743018,,9119061,0,97137,,51393,0,51393,23279,9292528,2450490,11743018,-9551,0,0,9119061,0,0,0,0,0,1658,0,0,0,0,662638,0,1797403,0,301330,23303,324633
7,22,308,9,2022,722308,0,3103,1255109,0,0,0,220,2608,1252721,25600,0,0,0,0,25600,0,7838,7397,1326975,,1045488,0,6975,,5338,0,5338,4062,1061863,265112,1326975,-275,0,0,1045488,0,0,0,0,0,0,0,0,1953,0,0,0,263434,0,29927,389,30316
7,22,313,9,2022,722313,0,3181,1780010,0,0,0,11978,3363,1788625,11915,0,0,0,0,11915,58,10850,9956,1868389,,1475191,12535,9630,,8046,0,8046,3951,1509436,358953,1868389,0,0,0,1487726,0,0,0,0,0,83,0,0,6151,0,0,0,352802,0,39430,4374,43804
7,22,350,9,2022,722350,0,4107,2214195,0,0,0,7023,11661,2209557,31230,0,0,0,15,31245,0,6129,7267,2311378,,1872852,541,8969,,10279,0,10279,6014,1898759,412619,2311378,-1136,0,0,1873393,0,0,0,0,0,104,0,0,3506,0,0,0,410249,84,52512,477,53073
7,22,406,9,2022,722406,0,2215,948210,0,0,0,482,1052,947640,20856,0,0,0,151,21007,0,4957,5057,1024335,,817432,695,5412,,4380,0,4380,1923,829962,194373,1024335,0,0,0,818127,0,0,0,0,0,120,0,0,1685,0,0,0,192688,18430,24757,272,43459
7,22,644,9,2022,722644,0,12079,5723062,0,0,0,17029,16822,5723269,60064,0,0,0,0,60064,0,35227,22740,6025318,,4853679,13607,33679,,26170,0,26170,4580,4931715,1093603,6025318,0,0,0,4867286,0,0,0,0,0,0,0,0,12364,0,0,0,1081239,0,145745,26194,171939
7,22,825,9,2022,722825,0,75806,28340737,0,0,0,125198,56520,28409415,265918,0,0,0,8754,274672,297,173566,98992,31287083,,25313841,4750,207272,,136825,0,136825,49270,25720639,5566444,31287083,-814,0,0,25318591,0,0,0,0,0,8681,0,0,81633,0,0,0,5485625,1199395,940757,114183,2254335
7,22,918,9,2022,722918,2400,117615,25210070,3998,0,0,113156,58893,25268331,237489,0,0,0,11211,248700,692,88513,253350,28121342,,22766087,68847,150651,,122463,0,124627,159506,23469718,4651624,28121342,-15290,0,0,23034934,0,200000,2164,0,18399,0,0,0,21548,200000,1780603,875646,1789117,1235587,791009,96746,2123342
7,25,31,9,2022,725031,1906,886,343155,0,0,25,523,1520,342183,6239,0,0,0,0,6239,0,1258,1675,363557,,275634,15686,711,,494,90,584,195,292881,70676,363557,0,0,0,291320,0,0,0,0,0,71,0,0,520,0,0,25910,44246,0,9252,158,9410
7,25,131,9,2022,725131,784,5523,1836341,0,0,0,9429,3683,1842087,20792,0,0,0,0,20792,47,16902,10765,1948815,,1579616,10779,2547,,2973,27,3000,3232,1599725,349090,1948815,-43,0,0,1590395,0,0,0,0,0,551,0,0,3722,0,55558,0,289853,0,47393,4522,51915
7,25,247,9,2022,725247,1135,3647,1239602,0,0,0,13976,2063,1251515,21728,0,0,0,0,21728,970,11644,10168,1335763,,1010820,32608,211,,1419,181,1600,10962,1056201,279562,1335763,-11,0,0,1043428,0,0,0,0,0,0,0,0,1505,0,0,162945,115123,0,34476,480,34956
7,25,256,9,2022,725256,28095,89338,16823862,0,0,10018,104742,42639,16895983,182130,0,0,161,0,182291,4160,112274,107055,17909364,,14271626,324073,130781,,43649,183,45819,8437,14982466,2926898,17909364,-15966,0,0,14793415,0,197716,1987,0,0,4014,0,0,10661,300000,677110,7846,1947247,0,456741,33427,490168
7,25,326,9,2022,725326,28131,37910,10190296,0,0,745,39319,45900,10184460,37845,0,0,2,0,38262,947,27136,13257,10638560,,8420269,1848,91119,,16834,0,21287,122396,8667573,1970987,10638560,-97715,0,0,8422117,415,0,0,4453,0,10654,0,0,18256,0,354163,930322,765961,0,288792,19665,308457
7,25,429,9,2022,725429,9075,27209,1497839,0,0,0,1032,2099,1496772,23129,0,0,0,0,23129,0,9922,5181,1618211,,1253896,18599,35640,,2345,83,2428,1316,1312562,305649,1618211,0,0,0,1272495,0,0,0,0,0,683,0,0,1771,2388,69380,0,232110,0,46575,348,46923
7,25,450,9,2022,725450,1959,961,4029433,0,0,0,8074,11935,4025572,59151,0,0,0,36,59187,0,19041,18966,4235798,,3452708,69561,5639,,6862,96,6958,3281,3539593,696205,4235798,-1,0,0,3522269,0,0,0,0,0,1446,0,0,1958,0,0,469671,224577,4389,105723,0,110112
7,25,457,9,2022,725457,17077,45582,12856486,0,0,516,54652,78000,12833654,153038,0,0,2,2635,155675,9992,46483,56009,14391528,,11314528,578350,30014,,33746,0,33746,32065,11988703,2402825,14391528,-55415,0,0,11892878,0,0,0,0,0,0,0,0,4895,0,133312,1770254,549779,838847,364173,24036,1227056
7,25,466,9,2022,725466,2266,1885,653476,0,0,0,0,2331,651145,10555,0,0,0,0,10555,0,6672,1471,686985,,477140,68170,4285,,980,130,1110,1576,552649,134336,686985,0,0,0,545310,0,0,0,0,0,368,0,0,540,0,0,0,133796,0,12838,153,12991
7,25,488,9,2022,725488,2875,5172,908885,0,0,0,2911,1319,910477,14927,0,0,0,0,14927,0,674,5282,963266,,724171,29249,1841,,1399,50,1449,2868,759818,203448,963266,-404,0,0,753420,0,0,0,0,0,240,0,0,822,0,0,0,203030,0,23581,278,23859
7,25,646,9,2022,725646,2186,698,267637,0,0,0,949,498,268088,4227,0,0,0,0,4227,0,2779,2475,287947,,212977,2166,507,,426,5,431,1150,217290,70657,287947,-183,0,0,215143,0,0,0,0,0,59,0,0,459,0,0,0,70381,0,7386,108,7494
7,25,676,9,2022,725676,2480,5299,1406912,0,0,0,2074,6831,1402155,22503,0,0,0,0,22503,0,8532,9687,1492613,,1126413,39908,1896,,2124,0,2124,3116,1173926,318687,1492613,0,0,0,1166321,0,0,0,0,0,469,0,0,759,0,0,0,317928,0,39848,2109,41957
7,25,715,9,2022,725715,1569,1031,403848,0,0,0,2016,1348,404516,7797,0,0,0,0,7797,0,3135,3354,433095,,299159,23238,907,,29,20,49,432,324062,109033,433095,0,0,0,322397,0,0,0,0,0,277,0,0,731,0,0,0,108302,0,11523,170,11693
7,25,818,9,2022,725818,1466,8212,2106718,0,0,0,8071,5475,2109314,36815,0,0,0,0,36815,0,8697,14333,2234911,,1788188,28699,19603,,3414,180,3594,3706,1844191,390720,2234911,57,0,0,1816887,0,0,0,0,0,401,0,0,1476,0,141442,142989,104756,0,55520,554,56074
7,25,839,9,2022,725839,0,7806,2562119,0,0,0,6146,3500,2564765,34951,0,0,0,0,34951,0,19597,9733,2716479,,2119650,0,30300,,4115,0,4115,1732,2157197,559282,2716479,0,0,0,2119650,0,0,0,0,0,1400,0,0,0,0,0,0,559282,0,67831,11796,79627
7,25,898,9,2022,725898,20691,74738,14219366,0,0,1383,41068,63000,14198817,145659,0,0,33,1470,147404,0,52940,19853,15566878,,11752423,492981,154779,,36959,0,36959,40259,12492011,3074867,15566878,-65438,0,-3390,12242014,242,0,0,0,0,18000,0,0,0,0,0,1880908,1259397,540308,451676,60451,1052435
7,25,940,9,2022,725940,942,13370,1416954,0,0,0,6757,3758,1419953,23957,0,0,0,0,23957,0,12065,7798,1515652,,1189849,24059,2329,,2095,19,2114,3343,1222241,293411,1515652,0,0,0,1213908,0,0,0,0,0,547,0,0,1823,776,0,0,290812,0,35589,1978,37567
7,25,947,9,2022,725947,3304,13637,1965256,0,0,0,14222,10167,1969311,25186,0,0,0,0,25186,0,12096,8061,2092123,,1555100,14636,33876,,3065,17,3082,3608,1611531,480592,2092123,-194,0,0,1569736,0,0,0,0,0,1229,0,0,1222,0,0,0,479564,0,59878,650,60528
7,25,983,9,2022,725983,2321,3666,1285372,0,0,0,10101,1576,1293897,22425,0,0,0,0,22425,0,7334,9831,1377989,,1088441,23035,2560,,1932,42,1974,3790,1120483,257506,1377989,-156,0,0,1111476,0,0,0,0,0,683,0,0,2439,0,81946,0,173277,0,38003,512,38515
8,10,586,9,2022,810586,13,4076,941713,0,0,0,2017,2365,941365,19391,0,0,0,0,19391,0,2506,300,984373,,822405,0,2452,,1896,0,1896,554,827383,156990,984373,100,0,0,822405,0,0,0,0,0,76,0,0,2259,0,0,0,154631,0,16504,218,16722
9,25,0,9,2022,925000,244849,244914,133745920,0,0,0,159299,656330,133248889,436757,0,0,0,107965,572239,3,47551,1574360,183025517,164015850,0,5095549,1221913,568957,0,3784,615520,1914014,172392783,10632734,183025517,-1932422,0,-620874,168490525,27517,0,0,42779,0,150811,0,0,3962446,2032645,0,3368598,3201467,46876953,121428,94331,47092712
20,0,2,9,2022,2000002,996,39873,0,0,0,0,0,0,0,0,0,0,0,0,0,0,1401,23609,65879,0,0,0,3265,0,0,0,0,50330,53595,12284,65879,-13315,0,0,0,0,0,0,0,0,0,0,0,0,0,1933,49373,-25707,0,0,0,0
20,0,4,9,2022,2000004,0,11801,3632794,0,0,0,16156,41014,3607936,0,0,0,0,0,0,0,0,248565,3868302,0,2572639,0,32752,0,4408,0,4408,781786,3391585,476717,3868302,0,0,0,2572639,0,0,0,0,0,0,0,0,30766,0,203000,0,242951,0,0,0,0
20,0,7,9,2022,2000007,9184,847,0,0,0,0,0,0,0,0,0,0,0,0,0,0,20165,7871,38710,0,0,0,3706,0,0,0,0,8425,12131,26579,38710,-3462,0,0,0,0,0,0,0,0,0,0,0,27800,0,0,0,2241,0,0,643,643
20,0,9,9,2022,2000009,3436,514,0,0,0,0,0,0,0,0,0,0,0,0,0,0,2050,12100,18320,0,0,0,1384,0,0,0,0,5966,7350,10970,18320,-35,0,0,0,0,0,0,0,0,0,0,0,430,0,0,7673,2902,0,13,207,220
20,0,11,9,2022,2000011,1908,163,0,0,0,0,0,0,0,0,0,0,0,0,0,0,522,1497,4090,0,0,0,33,0,0,0,0,2007,2040,2050,4090,0,0,0,0,0,0,0,0,0,0,0,0,1176,0,0,0,874,0,0,0,0
20,0,12,9,2022,2000012,1625,188,0,0,0,0,0,0,0,0,0,0,0,0,0,0,27201,6685,35715,0,5000,0,212,0,30,0,30,6207,11449,24266,35715,2,0,0,5000,0,0,0,0,0,0,0,0,0,22500,0,0,1764,0,16,0,16
