6,10,0,9,2022,610000,7222900,28086107,0.2572,160020,0.0767,7274087,222897,0.0306,2615959,0.3596,0,0,0,0.0000,0,7274087,0,0,0,7274087,0,0,0,0,0,0,0,0,0,0,0,0,0,0,0.00,0.0000,87110,0,0,-129,-1081,0.00,0.0000
6,20,0,9,2022,620000,10283035,30530774,0.3368,205491,0.0831,10558242,349808,0.0331,5096528,0.4827,0,0,0,0.0000,42293,10501608,0,0,0,10543901,0,0,14791,0,4948,0,0,0,0,0,0,0,0,0,0.00,0.0000,2933496,0,0,0,0,0.00,0.0000
6,22,0,9,2022,622000,20567927,127712206,0.1610,349724,0.0457,21034206,98135,0.0047,1728248,0.0822,0,0,0,0.0000,0,21034206,0,0,0,21034206,0,0,0,0,0,0,0,0,0,0,0,0,0,0,0.00,0.0000,0,0,0,0,0,0.00,0.0000
7,10,56,9,2022,710056,0,0,0.0000,0,0.0000,0,0,0.0000,0,0.0000,0,0,0,0.0000,0,0,0,0,0,0,0,0,0,0,0,0,0,0,0,0,0,0,0,0,0.00,0.0000,0,0,0,0,0,0.00,0.0000
7,10,261,9,2022,710261,0,0,0.0000,0,0.0000,0,0,0.0000,0,0.0000,0,805,0,0.0000,0,0,0,0,0,0,0,0,0,0,805,0,0,0,0,0,0,0,0,0,0.00,0.0000,0,0,0,0,0,0.00,0.0000
7,10,269,9,2022,710269,0,0,0.0000,0,0.0000,0,0,0.0000,0,0.0000,130782,30881,2673220,0.0605,0,0,0,0,0,0,0,0,0,0,0,0,0,28674,0,48,0,0,46,474,0.00,0.0000,129869,0,0,0,0,0.00,0.0000
7,10,398,9,2022,710398,0,0,0.0000,0,0.0000,0,0,0.0000,0,0.0000,0,0,2484594,0.0000,0,0,0,0,0,0,0,0,0,0,0,0,0,0,0,0,0,0,0,0,0.00,0.0000,0,0,0,0,0,0.00,0.0000
7,10,549,9,2022,710549,0,0,0.0000,0,0.0000,0,0,0.0000,0,0.0000,0,0,0,0.0000,0,0,0,0,0,0,0,0,0,0,0,0,0,0,0,0,0,0,0,0,0.00,0.0000,0,0,0,0,0,0.00,0.0000
7,10,551,9,2022,710551,0,0,0.0000,0,0.0000,0,0,0.0000,0,0.0000,0,0,0,0.0000,0,0,0,0,0,0,0,0,0,0,0,0,0,0,0,0,0,0,0,0,0.00,0.0000,0,0,0,0,0,0.00,0.0000
7,10,566,9,2022,710566,0,0,0.0000,0,0.0000,0,0,0.0000,0,0.0000,0,1803,11452574,0.0002,0,0,0,0,0,0,0,0,0,0,1803,0,0,0,0,0,0,0,0,0,0.00,0.0000,0,0,0,0,0,0.00,0.0000
7,10,862,9,2022,710862,0,0,0.0000,0,0.0000,0,0,0.0000,0,0.0000,0,0,0,0.0000,0,0,0,0,0,0,0,0,0,0,0,0,0,0,0,0,0,0,0,0,0.00,0.0000,0,0,0,0,0,0.00,0.0000
7,10,924,9,2022,710924,0,0,0.0000,0,0.0000,0,0,0.0000,0,0.0000,0,0,0,0.0000,0,0,0,0,0,0,0,0,0,0,0,0,0,0,0,0,0,0,0,0,0.00,0.0000,0,0,0,0,0,0.00,0.0000
7,10,973,9,2022,710973,0,0,0.0000,0,0.0000,0,0,0.0000,0,0.0000,0,0,0,0.0000,0,0,0,0,0,0,0,0,0,0,0,0,0,0,0,0,0,0,0,0,0.00,0.0000,0,0,0,0,0,0.00,0.0000
7,10,981,9,2022,710981,0,0,0.0000,0,0.0000,0,0,0.0000,0,0.0000,0,0,0,0.0000,0,0,0,0,0,0,0,0,0,0,0,0,0,0,0,0,0,0,0,0,0.00,0.0000,0,0,0,0,0,0.00,0.0000
7,10,985,9,2022,710985,0,0,0.0000,0,0.0000,0,0,0.0000,0,0.0000,0,0,0,0.0000,0,0,0,0,0,0,0,0,0,0,0,0,0,0,0,0,0,0,0,0,0.00,0.0000,0,0,0,0,0,0.00,0.0000
7,10,990,9,2022,710990,0,0,0.0000,0,0.0000,0,0,0.0000,0,0.0000,0,0,0,0.0000,0,0,0,0,0,0,0,0,0,0,0,0,0,0,0,0,0,0,0,0,0.00,0.0000,0,0,0,0,0,0.00,0.0000
7,20,33,9,2022,720033,0,0,0.0000,0,0.0000,0,0,0.0000,0,0.0000,0,0,0,0.0000,0,0,0,0,0,0,0,0,0,0,0,0,0,0,0,0,0,0,0,0,0.00,0.0000,0,0,0,0,0,0.00,0.0000
7,20,40,9,2022,720040,0,0,0.0000,0,0.0000,0,0,0.0000,0,0.0000,0,0,679256,0.0000,0,0,0,0,0,0,0,0,0,0,0,0,0,0,0,0,0,0,0,0,0.00,0.0000,0,0,0,0,0,0.00,0.0000
7,20,60,9,2022,720060,0,0,0.0000,0,0.0000,0,0,0.0000,0,0.0000,0,0,0,0.0000,0,0,0,0,0,0,0,0,0,0,0,0,0,0,0,0,0,0,0,0,0.00,0.0000,0,0,0,0,0,0.00,0.0000
7,20,105,9,2022,720105,0,0,0.0000,0,0.0000,0,0,0.0000,0,0.0000,2533,0,1154795,0.0022,0,0,0,0,0,0,0,0,2520,0,0,0,0,0,0,0,0,0,0,0,0.00,0.0000,0,0,0,0,0,0.00,0.0000
7,20,131,9,2022,720131,0,0,0.0000,0,0.0000,0,0,0.0000,0,0.0000,5305,5481,626299,0.0172,0,0,0,0,0,0,0,0,5205,0,5377,0,4535,0,0,0,0,0,0,0,0.00,0.0000,0,0,0,0,0,0.00,0.0000
7,20,143,9,2022,720143,0,0,0.0000,0,0.0000,0,0,0.0000,0,0.0000,0,0,0,0.0000,0,0,0,0,0,0,0,0,0,0,0,0,0,0,0,0,0,0,0,0,0.00,0.0000,0,0,0,0,0,0.00,0.0000
7,20,168,9,2022,720168,0,0,0.0000,0,0.0000,0,0,0.0000,0,0.0000,4393,4670,668234,0.0136,0,0,0,0,0,0,0,0,4393,0,4670,0,971,4305,0,3,0,0,0,0,0.00,0.0000,0,0,0,0,0,0.00,0.0000
7,20,186,9,2022,720186,0,0,0.0000,0,0.0000,0,0,0.0000,0,0.0000,312,0,338984,0.0009,0,0,0,0,0,0,0,0,0,0,0,0,0,0,0,0,0,0,0,0,0.00,0.0000,0,0,0,0,0,0.00,0.0000
7,20,188,9,2022,720188,0,0,0.0000,0,0.0000,0,0,0.0000,0,0.0000,1937,0,791589,0.0024,0,0,0,0,0,0,0,0,0,0,0,0,0,0,0,0,0,0,0,0,0.00,0.0000,1921,0,0,20,94,0.00,0.0000
7,20,194,9,2022,720194,0,0,0.0000,0,0.0000,0,0,0.0000,0,0.0000,0,0,0,0.0000,0,0,0,0,0,0,0,0,0,0,0,0,0,0,0,0,0,0,0,0,0.00,0.0000,0,0,0,0,0,0.00,0.0000
7,20,331,9,2022,720331,0,0,0.0000,0,0.0000,0,0,0.0000,0,0.0000,675,312,1855178,0.0005,0,0,0,0,0,0,0,0,0,0,0,0,0,0,0,0,0,0,0,0,0.00,0.0000,0,0,0,0,0,0.00,0.0000
7,20,335,9,2022,720335,0,0,0.0000,0,0.0000,0,0,0.0000,0,0.0000,0,0,0,0.0000,0,0,0,0,0,0,0,0,0,0,0,0,0,0,0,0,0,0,0,0,0.00,0.0000,0,0,0,0,0,0.00,0.0000
7,20,336,9,2022,720336,0,0,0.0000,0,0.0000,0,0,0.0000,0,0.0000,0,0,0,0.0000,0,0,0,0,0,0,0,0,0,0,0,0,0,0,0,0,0,0,0,0,0.00,0.0000,0,0,0,0,0,0.00,0.0000
7,20,345,9,2022,720345,0,0,0.0000,0,0.0000,0,0,0.0000,0,0.0000,0,0,0,0.0000,0,0,0,0,0,0,0,0,0,0,0,0,0,0,0,0,0,0,0,0,0.00,0.0000,0,0,0,0,0,0.00,0.0000
7,20,376,9,2022,720376,0,0,0.0000,0,0.0000,0,0,0.0000,0,0.0000,2183,5018,1429824,0.0050,0,0,0,0,0,0,0,0,1519,0,144,0,1419,4840,0,4,0,0,1,-59,0.00,0.0000,621,0,0,2,32,0.00,0.0000
7,20,735,9,2022,720735,0,0,0.0000,0,0.0000,0,0,0.0000,0,0.0000,3638,2087825,0,0.0000,0,0,0,0,0,0,0,0,0,0,0,0,0,0,0,0,0,0,0,0,0.00,0.0000,0,0,0,0,0,0.00,0.0000
7,20,899,9,2022,720899,0,0,0.0000,0,0.0000,0,0,0.0000,0,0.0000,6119,182938,2548709,0.0742,0,0,0,0,0,0,0,0,5709,0,0,0,0,182587,13458,78,5,826,779,14183,105.93,0.0464,95,0,0,5,5,0.00,0.0000
7,20,922,9,2022,720922,0,0,0.0000,0,0.0000,0,0,0.0000,0,0.0000,0,18494,532296,0.0347,0,0,0,0,0,0,0,0,0,0,0,0,0,18311,0,48,0,0,83,370,0.00,0.0000,0,183,0,0,0,0.00,0.0000
7,22,12,9,2022,722012,0,0,0.0000,0,0.0000,0,0,0.0000,0,0.0000,1553,15278,12010717,0.0014,0,0,0,0,0,0,0,0,0,0,0,0,0,15091,0,25,0,0,89,610,0.00,0.0000,1526,0,0,22,113,0.00,0.0000
7,22,114,9,2022,722114,0,0,0.0000,0,0.0000,0,0,0.0000,0,0.0000,0,2143,1456441,0.0015,0,0,0,0,0,0,0,0,0,0,1973,0,0,139,0,1,0,0,9,10,0.00,0.0000,0,0,0,0,0,0.00,0.0000
7,22,146,9,2022,722146,0,0,0.0000,0,0.0000,0,0,0.0000,0,0.0000,67272,18168,4902040,0.0174,0,0,0,0,0,0,0,0,0,0,9693,0,0,8405,3057,8,2,355,153,625,111.63,0.0311,66772,0,2511,288,4975,108.81,0.0230
7,22,198,9,2022,722198,0,0,0.0000,0,0.0000,0,0,0.0000,0,0.0000,0,727403,36162696,0.0201,0,0,0,0,0,0,0,0,0,0,0,0,0,708032,99946,158,15,6907,5908,43460,107.41,0.0427,0,0,0,0,0,0.00,0.0000
7,22,216,9,2022,722216,0,0,0.0000,0,0.0000,0,0,0.0000,0,0.0000,0,4931,11213669,0.0004,0,0,0,0,0,0,0,0,0,0,0,0,0,0,0,0,0,0,0,0,0.00,0.0000,0,0,0,0,0,0.00,0.0000
7,22,308,9,2022,722308,0,0,0.0000,0,0.0000,0,0,0.0000,0,0.0000,0,0,1249737,0.0000,0,0,0,0,0,0,0,0,0,0,0,0,0,0,0,0,0,0,0,0,0.00,0.0000,0,0,0,0,0,0.00,0.0000
7,22,313,9,2022,722313,0,0,0.0000,0,0.0000,0,0,0.0000,0,0.0000,0,0,1771062,0.0000,0,0,0,0,0,0,0,0,0,0,0,0,0,0,0,0,0,0,0,0,0.00,0.0000,0,0,0,0,0,0.00,0.0000
7,22,350,9,2022,722350,0,0,0.0000,0,0.0000,0,0,0.0000,0,0.0000,99,1174,2209596,0.0006,0,0,0,0,0,0,0,0,0,0,0,0,0,1158,0,7,0,0,0,0,0.00,0.0000,84,0,0,0,0,0.00,0.0000
7,22,406,9,2022,722406,0,0,0.0000,0,0.0000,0,0,0.0000,0,0.0000,18581,28766,901167,0.0525,0,0,0,0,0,0,0,0,0,0,0,0,0,28588,0,46,0,0,100,665,0.00,0.0000,18430,0,233,98,1616,107.78,0.0396
7,22,644,9,2022,722644,0,0,0.0000,0,0.0000,0,0,0.0000,0,0.0000,0,0,5718857,0.0000,0,0,0,0,0,0,0,0,0,0,0,0,0,0,0,0,0,0,0,0,0.00,0.0000,0,0,0,0,0,0.00,0.0000
7,22,825,9,2022,722825,0,0,0.0000,0,0.0000,0,0,0.0000,0,0.0000,1208150,1072696,27007087,0.0845,0,0,0,0,0,0,0,0,5829,0,4040,0,0,1013077,4553,379,1,305,4660,30818,107.12,0.0326,1193566,39745,21764,6497,99791,108.23,0.0339
7,22,918,9,2022,722918,0,0,0.0000,0,0.0000,0,0,0.0000,0,0.0000,638627,522888,24855727,0.0467,0,0,0,0,0,0,0,0,64873,0,85208,211512,0,394139,19061,256,6,1356,1094,8127,107.59,0.0337,568595,41667,8510,2486,27847,106.81,0.0289
7,25,31,9,2022,725031,0,0,0.0000,0,0.0000,0,0,0.0000,0,0.0000,0,0,0,0.0000,0,0,0,0,0,0,0,0,0,0,0,0,0,0,0,0,0,0,0,0,0.00,0.0000,0,0,0,0,0,0.00,0.0000
7,25,131,9,2022,725131,0,0,0.0000,0,0.0000,0,0,0.0000,0,0.0000,0,0,0,0.0000,0,0,0,0,0,0,0,0,0,0,0,0,0,0,0,0,0,0,0,0,0.00,0.0000,0,0,0,0,0,0.00,0.0000
7,25,247,9,2022,725247,0,0,0.0000,0,0.0000,0,0,0.0000,0,0.0000,0,0,1247093,0.0000,0,0,0,0,0,0,0,0,0,0,0,0,0,0,0,0,0,0,0,0,0.00,0.0000,0,0,0,0,0,0.00,0.0000
7,25,256,9,2022,725256,0,0,0.0000,0,0.0000,0,0,0.0000,0,0.0000,0,0,0,0.0000,0,0,0,0,0,0,0,0,0,0,0,0,0,0,0,0,0,0,0,0,0.00,0.0000,0,0,0,0,0,0.00,0.0000
7,25,326,9,2022,725326,0,0,0.0000,0,0.0000,0,0,0.0000,0,0.0000,1794,7981,10099358,0.0010,0,0,0,0,0,0,0,0,0,1794,7981,0,0,0,0,0,0,0,0,0,0.00,0.0000,0,0,0,0,0,0.00,0.0000
7,25,429,9,2022,725429,0,0,0.0000,0,0.0000,0,0,0.0000,0,0.0000,0,0,0,0.0000,0,0,0,0,0,0,0,0,0,0,0,0,0,0,0,0,0,0,0,0,0.00,0.0000,0,0,0,0,0,0.00,0.0000
7,25,450,9,2022,725450,0,0,0.0000,0,0.0000,0,0,0.0000,0,0.0000,0,0,0,0.0000,0,0,0,0,0,0,0,0,0,0,0,0,0,0,0,0,0,0,0,0,0.00,0.0000,0,0,0,0,0,0.00,0.0000
7,25,457,9,2022,725457,0,0,0.0000,0,0.0000,0,0,0.0000,0,0.0000,893211,0,12850166,0.0695,0,0,0,0,0,0,0,0,0,0,0,0,0,0,0,0,0,0,0,0,0.00,0.0000,0,0,0,0,0,0.00,0.0000
7,25,466,9,2022,725466,0,0,0.0000,0,0.0000,0,0,0.0000,0,0.0000,0,0,0,0.0000,0,0,0,0,0,0,0,0,0,0,0,0,0,0,0,0,0,0,0,0,0.00,0.0000,0,0,0,0,0,0.00,0.0000
7,25,488,9,2022,725488,0,0,0.0000,0,0.0000,0,0,0.0000,0,0.0000,0,0,0,0.0000,0,0,0,0,0,0,0,0,0,0,0,0,0,0,0,0,0,0,0,0,0.00,0.0000,0,0,0,0,0,0.00,0.0000
7,25,646,9,2022,725646,0,0,0.0000,0,0.0000,0,0,0.0000,0,0.0000,0,0,0,0.0000,0,0,0,0,0,0,0,0,0,0,0,0,0,0,0,0,0,0,0,0,0.00,0.0000,0,0,0,0,0,0.00,0.0000
7,25,676,9,2022,725676,0,0,0.0000,0,0.0000,0,0,0.0000,0,0.0000,0,0,0,0.0000,0,0,0,0,0,0,0,0,0,0,0,0,0,0,0,0,0,0,0,0,0.00,0.0000,0,0,0,0,0,0.00,0.0000
7,25,715,9,2022,725715,0,0,0.0000,0,0.0000,0,0,0.0000,0,0.0000,0,0,0,0.0000,0,0,0,0,0,0,0,0,0,0,0,0,0,0,0,0,0,0,0,0,0.00,0.0000,0,0,0,0,0,0.00,0.0000
7,25,818,9,2022,725818,0,0,0.0000,0,0.0000,0,0,0.0000,0,0.0000,0,0,0,0.0000,0,0,0,0,0,0,0,0,0,0,0,0,0,0,0,0,0,0,0,0,0.00,0.0000,0,0,0,0,0,0.00,0.0000
7,25,839,9,2022,725839,0,0,0.0000,0,0.0000,0,0,0.0000,0,0.0000,0,0,0,0.0000,0,0,0,0,0,0,0,0,0,0,0,0,0,0,0,0,0,0,0,0,0.00,0.0000,0,0,0,0,0,0.00,0.0000
7,25,898,9,2022,725898,0,0,0.0000,0,0.0000,0,0,0.0000,0,0.0000,581858,3693,14235411,0.0411,0,0,0,0,0,0,0,0,0,0,0,0,0,0,0,0,0,0,0,0,0.00,0.0000,0,0,0,0,0,0.00,0.0000
7,25,940,9,2022,725940,0,0,0.0000,0,0.0000,0,0,0.0000,0,0.0000,0,740,1434194,0.0005,0,0,0,0,0,0,0,0,0,0,740,0,0,0,0,0,0,0,0,0,0.00,0.0000,0,0,0,0,0,0.00,0.0000
7,25,947,9,2022,725947,0,0,0.0000,0,0.0000,0,0,0.0000,0,0.0000,0,0,0,0.0000,0,0,0,0,0,0,0,0,0,0,0,0,0,0,0,0,0,0,0,0,0.00,0.0000,0,0,0,0,0,0.00,0.0000
7,25,983,9,2022,725983,0,0,0.0000,0,0.0000,0,0,0.0000,0,0.0000,0,0,0,0.0000,0,0,0,0,0,0,0,0,0,0,0,0,0,0,0,0,0,0,0,0,0.00,0.0000,0,0,0,0,0,0.00,0.0000
8,10,586,9,2022,810586,0,0,0.0000,0,0.0000,0,0,0.0000,0,0.0000,0,0,0,0.0000,0,0,0,0,0,0,0,0,0,0,0,0,0,0,0,0,0,0,0,0,0.00,0.0000,0,0,0,0,0,0.00,0.0000
9,25,0,9,2022,925000,43721784,133366526,0.3278,480000,0.0361,48869681,524695,0.0107,14349950,0.2936,0,0,0,0.0000,177075,47852494,69299,0,947888,49046756,0,69299,24832,0,8664,0,0,0,0,0,0,0,0,0,0.00,0.0000,915759,0,-2054,16,-2150,99.18,0.0437
20,0,2,9,2022,2000002,0,0,0.0000,0,0.0000,0,0,0.0000,0,0.0000,0,0,0,0.0000,0,0,0,0,0,0,0,0,0,0,0,0,0,0,0,0,0,0,0,0,0.00,0.0000,0,0,0,0,0,0.00,0.0000
20,0,4,9,2022,2000004,0,0,0.0000,0,0.0000,0,0,0.0000,0,0.0000,0,0,0,0.0000,0,0,0,0,0,0,0,0,0,0,0,0,0,0,0,0,0,0,0,0,0.00,0.0000,0,0,0,0,0,0.00,0.0000
20,0,7,9,2022,2000007,0,0,0.0000,0,0.0000,0,0,0.0000,0,0.0000,0,0,0,0.0000,0,0,0,0,0,0,0,0,0,0,0,0,0,0,0,0,0,0,0,0,0.00,0.0000,0,0,0,0,0,0.00,0.0000
20,0,9,9,2022,2000009,0,0,0.0000,0,0.0000,0,0,0.0000,0,0.0000,0,0,0,0.0000,0,0,0,0,0,0,0,0,0,0,0,0,0,0,0,0,0,0,0,0,0.00,0.0000,0,0,0,0,0,0.00,0.0000
20,0,11,9,2022,2000011,0,0,0.0000,0,0.0000,0,0,0.0000,0,0.0000,0,0,0,0.0000,0,0,0,0,0,0,0,0,0,0,0,0,0,0,0,0,0,0,0,0,0.00,0.0000,0,0,0,0,0,0.00,0.0000
20,0,12,9,2022,2000012,0,0,0.0000,0,0.0000,0,0,0.0000,0,0.0000,0,0,0,0.0000,0,0,0,0,0,0,0,0,0,0,0,0,0,0,0,0,0,0,0,0,0.00,0.0000,0,0,0,0,0,0.00,0.0000
