6,10,0,9,2022,610000,10,0,0,843600,818383,15,0,0,87110,87277,17,0,0,64806,63060,25,0,0,0,0,29,0,0,0,0,35,0,0,0,0,40,0,0,189220,189220,41,0,0,150000,149356,50,0,0,0,0,51,0,0,0,0,52,0,0,0,0,60,0,0,0,0,62,0,0,1601442,1405811,64,0,0,0,0,65,0,0,0,0,66,0,0,0,0,68,0,0,1717549,1550210,69,0,0,0,0,71,0,0,1428563,1266538,72,0,0,898410,885389,73,0,0,0,0,81,0,0,184898,179202,82,0,0,37999,36824,86,0,0,11917,10625,87,0,0,0,0,88,0,0,0,0,95,0,0,53509,50703,99,0,0,7286005,6709403,141,0,0,0,0,142,0,0,0,0,143,0,0,0,0,144,0,0,0,0,145,0,0,16982,16805,146,0,0,0,0
6,20,0,9,2022,620000,10,0,0,142371,138767,15,0,0,2933496,2571809,17,0,0,0,0,25,0,0,0,0,29,0,0,0,0,35,0,0,0,0,40,0,0,0,0,41,0,0,0,0,50,0,0,425000,425000,51,0,0,0,0,52,0,0,0,0,60,0,0,0,0,62,0,0,1182502,1128395,64,0,0,0,0,65,0,0,0,0,66,0,0,0,0,68,0,0,2857748,2432346,69,0,0,0,0,71,0,0,414195,364934,72,0,0,2238780,2170968,73,0,0,0,0,81,14342,13990,0,0,82,0,0,0,0,86,449,441,0,0,87,0,0,0,0,88,0,0,0,0,95,0,0,0,0,99,14791,14431,10543901,9577310,141,0,0,167865,163615,142,0,0,0,0,143,0,0,181944,181476,144,0,0,0,0,145,0,0,0,0,146,0,0,0,0
6,22,0,9,2022,622000,10,0,0,6087983,5856596,15,0,0,0,0,17,0,0,0,0,25,0,0,0,0,29,0,0,0,0,35,0,0,0,0,40,0,0,0,0,41,0,0,3175055,3174061,50,0,0,0,0,51,0,0,0,0,52,0,0,5123259,5122212,60,0,0,0,0,62,0,0,4821525,4389011,64,0,0,0,0,65,0,0,0,0,66,0,0,0,0,68,0,0,1728248,1534501,69,0,0,0,0,71,0,0,0,0,72,0,0,0,0,73,0,0,0,0,81,0,0,0,0,82,0,0,0,0,86,0,0,0,0,87,0,0,0,0,88,0,0,0,0,95,0,0,0,0,99,0,0,21034206,20172490,141,0,0,0,0,142,0,0,0,0,143,0,0,16132,16034,144,0,0,0,0,145,0,0,82004,80075,146,0,0,0,0
7,10,56,9,2022,710056,10,0,0,0,0,15,0,0,0,0,17,0,0,0,0,25,0,0,0,0,29,0,0,0,0,35,0,0,0,0,40,0,0,0,0,41,0,0,0,0,50,0,0,0,0,51,0,0,0,0,52,0,0,0,0,60,0,0,0,0,62,0,0,0,0,64,0,0,0,0,65,0,0,0,0,66,0,0,0,0,68,0,0,0,0,69,0,0,0,0,71,0,0,0,0,72,0,0,0,0,73,0,0,0,0,81,0,0,0,0,82,0,0,0,0,86,0,0,0,0,87,0,0,0,0,88,0,0,0,0,95,0,0,0,0,99,0,0,0,0,141,0,0,0,0,142,0,0,0,0,143,0,0,0,0,144,0,0,0,0,145,0,0,0,0,146,0,0,0,0
7,10,261,9,2022,710261,10,0,0,0,0,15,0,0,0,0,17,0,0,0,0,25,0,0,0,0,29,0,0,0,0,35,0,0,0,0,40,0,0,0,0,41,0,0,0,0,50,0,0,0,0,51,0,0,0,0,52,0,0,0,0,60,0,0,0,0,62,0,0,0,0,64,0,0,0,0,65,0,0,0,0,66,0,0,0,0,68,0,0,0,0,69,0,0,0,0,71,0,0,0,0,72,0,0,0,0,73,0,0,0,0,81,0,0,0,0,82,0,0,0,0,86,514,498,0,0,87,0,0,0,0,88,0,0,0,0,95,0,0,0,0,99,514,498,0,0,141,0,0,0,0,142,0,0,0,0,143,0,0,0,0,144,0,0,0,0,145,0,0,0,0,146,0,0,0,0
7,10,269,9,2022,710269,10,0,0,0,0,15,0,0,129869,130855,17,0,0,0,0,25,0,0,0,0,29,0,0,0,0,35,0,0,0,0,40,0,0,0,0,41,0,0,0,0,50,0,0,0,0,51,0,0,0,0,52,0,0,0,0,60,0,0,0,0,62,0,0,0,0,64,0,0,0,0,65,0,0,0,0,66,0,0,0,0,68,0,0,0,0,69,0,0,0,0,71,0,0,0,0,72,0,0,0,0,73,0,0,0,0,81,0,0,0,0,82,0,0,0,0,86,799,749,0,0,87,0,0,0,0,88,0,0,0,0,95,0,0,0,0,99,799,749,129869,130855,141,0,0,0,0,142,0,0,0,0,143,0,0,0,0,144,0,0,0,0,145,0,0,0,0,146,0,0,0,0
7,10,398,9,2022,710398,10,0,0,0,0,15,0,0,0,0,17,0,0,0,0,25,0,0,0,0,29,0,0,0,0,35,0,0,0,0,40,0,0,0,0,41,0,0,0,0,50,0,0,0,0,51,0,0,0,0,52,0,0,0,0,60,0,0,0,0,62,0,0,0,0,64,0,0,0,0,65,0,0,0,0,66,0,0,0,0,68,0,0,0,0,69,0,0,0,0,71,0,0,0,0,72,0,0,0,0,73,0,0,0,0,81,0,0,0,0,82,0,0,0,0,86,0,0,0,0,87,0,0,0,0,88,0,0,0,0,95,0,0,0,0,99,0,0,0,0,141,0,0,0,0,142,0,0,0,0,143,0,0,0,0,144,0,0,0,0,145,0,0,0,0,146,0,0,0,0
7,10,549,9,2022,710549,10,0,0,0,0,15,0,0,0,0,17,0,0,0,0,25,0,0,0,0,29,0,0,0,0,35,0,0,0,0,40,0,0,0,0,41,0,0,0,0,50,0,0,0,0,51,0,0,0,0,52,0,0,0,0,60,0,0,0,0,62,0,0,0,0,64,0,0,0,0,65,0,0,0,0,66,0,0,0,0,68,0,0,0,0,69,0,0,0,0,71,0,0,0,0,72,0,0,0,0,73,0,0,0,0,81,0,0,0,0,82,0,0,0,0,86,0,0,0,0,87,0,0,0,0,88,0,0,0,0,95,0,0,0,0,99,0,0,0,0,141,0,0,0,0,142,0,0,0,0,143,0,0,0,0,144,0,0,0,0,145,0,0,0,0,146,0,0,0,0
7,10,551,9,2022,710551,10,0,0,0,0,15,0,0,0,0,17,0,0,0,0,25,0,0,0,0,29,0,0,0,0,35,0,0,0,0,40,0,0,0,0,41,0,0,0,0,50,0,0,0,0,51,0,0,0,0,52,0,0,0,0,60,0,0,0,0,62,0,0,0,0,64,0,0,0,0,65,0,0,0,0,66,0,0,0,0,68,0,0,0,0,69,0,0,0,0,71,0,0,0,0,72,0,0,0,0,73,0,0,0,0,81,0,0,0,0,82,0,0,0,0,86,0,0,0,0,87,0,0,0,0,88,0,0,0,0,95,0,0,0,0,99,0,0,0,0,141,0,0,0,0,142,0,0,0,0,143,0,0,0,0,144,0,0,0,0,145,0,0,0,0,146,0,0,0,0
7,10,566,9,2022,710566,10,0,0,0,0,15,0,0,0,0,17,0,0,0,0,25,0,0,0,0,29,0,0,0,0,35,0,0,0,0,40,0,0,0,0,41,0,0,0,0,50,0,0,0,0,51,0,0,0,0,52,0,0,0,0,60,0,0,0,0,62,0,0,0,0,64,0,0,0,0,65,0,0,0,0,66,0,0,0,0,68,0,0,0,0,69,0,0,0,0,71,0,0,0,0,72,0,0,0,0,73,0,0,0,0,81,0,0,0,0,82,0,0,0,0,86,1549,1468,0,0,87,0,0,0,0,88,0,0,0,0,95,0,0,0,0,99,1549,1468,0,0,141,0,0,0,0,142,0,0,0,0,143,0,0,0,0,144,0,0,0,0,145,0,0,0,0,146,0,0,0,0
7,10,862,9,2022,710862,10,0,0,0,0,15,0,0,0,0,17,0,0,0,0,25,0,0,0,0,29,0,0,0,0,35,0,0,0,0,40,0,0,0,0,41,0,0,0,0,50,0,0,0,0,51,0,0,0,0,52,0,0,0,0,60,0,0,0,0,62,0,0,0,0,64,0,0,0,0,65,0,0,0,0,66,0,0,0,0,68,0,0,0,0,69,0,0,0,0,71,0,0,0,0,72,0,0,0,0,73,0,0,0,0,81,0,0,0,0,82,0,0,0,0,86,0,0,0,0,87,0,0,0,0,88,0,0,0,0,95,0,0,0,0,99,0,0,0,0,141,0,0,0,0,142,0,0,0,0,143,0,0,0,0,144,0,0,0,0,145,0,0,0,0,146,0,0,0,0
7,10,924,9,2022,710924,10,0,0,0,0,15,0,0,0,0,17,0,0,0,0,25,0,0,0,0,29,0,0,0,0,35,0,0,0,0,40,0,0,0,0,41,0,0,0,0,50,0,0,0,0,51,0,0,0,0,52,0,0,0,0,60,0,0,0,0,62,0,0,0,0,64,0,0,0,0,65,0,0,0,0,66,0,0,0,0,68,0,0,0,0,69,0,0,0,0,71,0,0,0,0,72,0,0,0,0,73,0,0,0,0,81,0,0,0,0,82,0,0,0,0,86,0,0,0,0,87,0,0,0,0,88,0,0,0,0,95,0,0,0,0,99,0,0,0,0,141,0,0,0,0,142,0,0,0,0,143,0,0,0,0,144,0,0,0,0,145,0,0,0,0,146,0,0,0,0
7,10,973,9,2022,710973,10,0,0,0,0,15,0,0,0,0,17,0,0,0,0,25,0,0,0,0,29,0,0,0,0,35,0,0,0,0,40,0,0,0,0,41,0,0,0,0,50,0,0,0,0,51,0,0,0,0,52,0,0,0,0,60,0,0,0,0,62,0,0,0,0,64,0,0,0,0,65,0,0,0,0,66,0,0,0,0,68,0,0,0,0,69,0,0,0,0,71,0,0,0,0,72,0,0,0,0,73,0,0,0,0,81,0,0,0,0,82,0,0,0,0,86,0,0,0,0,87,0,0,0,0,88,0,0,0,0,95,0,0,0,0,99,0,0,0,0,141,0,0,0,0,142,0,0,0,0,143,0,0,0,0,144,0,0,0,0,145,0,0,0,0,146,0,0,0,0
7,10,981,9,2022,710981,10,0,0,0,0,15,0,0,0,0,17,0,0,0,0,25,0,0,0,0,29,0,0,0,0,35,0,0,0,0,40,0,0,0,0,41,0,0,0,0,50,0,0,0,0,51,0,0,0,0,52,0,0,0,0,60,0,0,0,0,62,0,0,0,0,64,0,0,0,0,65,0,0,0,0,66,0,0,0,0,68,0,0,0,0,69,0,0,0,0,71,0,0,0,0,72,0,0,0,0,73,0,0,0,0,81,0,0,0,0,82,0,0,0,0,86,1238,1197,0,0,87,0,0,0,0,88,0,0,0,0,95,0,0,0,0,99,1238,1197,0,0,141,0,0,0,0,142,0,0,0,0,143,0,0,0,0,144,0,0,0,0,145,0,0,0,0,146,0,0,0,0
7,10,985,9,2022,710985,10,0,0,0,0,15,0,0,0,0,17,0,0,0,0,25,0,0,0,0,29,0,0,0,0,35,0,0,0,0,40,0,0,0,0,41,0,0,0,0,50,0,0,0,0,51,0,0,0,0,52,0,0,0,0,60,0,0,0,0,62,0,0,0,0,64,0,0,0,0,65,0,0,0,0,66,0,0,0,0,68,0,0,0,0,69,0,0,0,0,71,0,0,0,0,72,0,0,0,0,73,0,0,0,0,81,0,0,0,0,82,0,0,0,0,86,0,0,0,0,87,0,0,0,0,88,0,0,0,0,95,0,0,0,0,99,0,0,0,0,141,0,0,0,0,142,0,0,0,0,143,0,0,0,0,144,0,0,0,0,145,0,0,0,0,146,0,0,0,0
7,10,990,9,2022,710990,10,0,0,0,0,15,0,0,0,0,17,0,0,0,0,25,0,0,0,0,29,0,0,0,0,35,0,0,0,0,40,0,0,0,0,41,0,0,0,0,50,0,0,0,0,51,0,0,0,0,52,0,0,0,0,60,0,0,0,0,62,0,0,0,0,64,0,0,0,0,65,0,0,0,0,66,0,0,0,0,68,0,0,0,0,69,0,0,0,0,71,0,0,0,0,72,0,0,0,0,73,0,0,0,0,81,0,0,0,0,82,0,0,0,0,86,0,0,0,0,87,0,0,0,0,88,0,0,0,0,95,0,0,0,0,99,0,0,0,0,141,0,0,0,0,142,0,0,0,0,143,0,0,0,0,144,0,0,0,0,145,0,0,0,0,146,0,0,0,0
7,20,33,9,2022,720033,10,0,0,0,0,15,0,0,0,0,17,0,0,0,0,25,0,0,0,0,29,0,0,0,0,35,0,0,0,0,40,0,0,0,0,41,0,0,0,0,50,0,0,0,0,51,0,0,0,0,52,0,0,0,0,60,0,0,0,0,62,0,0,0,0,64,0,0,0,0,65,0,0,0,0,66,0,0,0,0,68,0,0,0,0,69,0,0,0,0,71,0,0,0,0,72,0,0,0,0,73,0,0,0,0,81,0,0,0,0,82,0,0,0,0,86,0,0,0,0,87,0,0,0,0,88,0,0,0,0,95,0,0,0,0,99,0,0,0,0,141,0,0,0,0,142,0,0,0,0,143,0,0,0,0,144,0,0,0,0,145,0,0,0,0,146,0,0,0,0
7,20,40,9,2022,720040,10,0,0,0,0,15,0,0,0,0,17,0,0,0,0,25,0,0,0,0,29,0,0,0,0,35,0,0,0,0,40,0,0,0,0,41,0,0,0,0,50,0,0,0,0,51,0,0,0,0,52,0,0,0,0,60,0,0,0,0,62,0,0,0,0,64,0,0,0,0,65,0,0,0,0,66,0,0,0,0,68,0,0,0,0,69,0,0,0,0,71,0,0,0,0,72,0,0,0,0,73,0,0,0,0,81,0,0,0,0,82,0,0,0,0,86,0,0,0,0,87,0,0,0,0,88,0,0,0,0,95,0,0,0,0,99,0,0,0,0,141,0,0,0,0,142,0,0,0,0,143,0,0,0,0,144,0,0,0,0,145,0,0,0,0,146,0,0,0,0
7,20,60,9,2022,720060,10,0,0,0,0,15,0,0,0,0,17,0,0,0,0,25,0,0,0,0,29,0,0,0,0,35,0,0,0,0,40,0,0,0,0,41,0,0,0,0,50,0,0,0,0,51,0,0,0,0,52,0,0,0,0,60,0,0,0,0,62,0,0,0,0,64,0,0,0,0,65,0,0,0,0,66,0,0,0,0,68,0,0,0,0,69,0,0,0,0,71,0,0,0,0,72,0,0,0,0,73,0,0,0,0,81,0,0,0,0,82,0,0,0,0,86,0,0,0,0,87,0,0,0,0,88,0,0,0,0,95,0,0,0,0,99,0,0,0,0,141,0,0,0,0,142,0,0,0,0,143,0,0,0,0,144,0,0,0,0,145,0,0,0,0,146,0,0,0,0
7,20,105,9,2022,720105,10,0,0,0,0,15,0,0,0,0,17,0,0,0,0,25,0,0,0,0,29,0,0,0,0,35,0,0,0,0,40,0,0,0,0,41,0,0,0,0,50,0,0,0,0,51,0,0,0,0,52,0,0,0,0,60,0,0,0,0,62,0,0,0,0,64,0,0,0,0,65,0,0,0,0,66,0,0,0,0,68,0,0,0,0,69,0,0,0,0,71,0,0,0,0,72,0,0,0,0,73,0,0,0,0,81,2520,2211,0,0,82,0,0,0,0,86,0,0,0,0,87,0,0,0,0,88,0,0,0,0,95,0,0,0,0,99,2520,2211,0,0,141,0,0,0,0,142,0,0,0,0,143,0,0,0,0,144,0,0,0,0,145,0,0,0,0,146,0,0,0,0
7,20,131,9,2022,720131,10,0,0,0,0,15,0,0,0,0,17,4535,4204,0,0,25,0,0,0,0,29,0,0,0,0,35,0,0,0,0,40,0,0,0,0,41,0,0,0,0,50,0,0,0,0,51,0,0,0,0,52,0,0,0,0,60,0,0,0,0,62,0,0,0,0,64,0,0,0,0,65,0,0,0,0,66,0,0,0,0,68,0,0,0,0,69,0,0,0,0,71,0,0,0,0,72,0,0,0,0,73,0,0,0,0,81,670,620,0,0,82,0,0,0,0,86,0,0,0,0,87,0,0,0,0,88,0,0,0,0,95,0,0,0,0,99,5205,4824,0,0,141,0,0,0,0,142,0,0,0,0,143,0,0,0,0,144,0,0,0,0,145,0,0,0,0,146,0,0,0,0
7,20,143,9,2022,720143,10,0,0,0,0,15,0,0,0,0,17,0,0,0,0,25,0,0,0,0,29,0,0,0,0,35,0,0,0,0,40,0,0,0,0,41,0,0,0,0,50,0,0,0,0,51,0,0,0,0,52,0,0,0,0,60,0,0,0,0,62,0,0,0,0,64,0,0,0,0,65,0,0,0,0,66,0,0,0,0,68,0,0,0,0,69,0,0,0,0,71,0,0,0,0,72,0,0,0,0,73,0,0,0,0,81,0,0,0,0,82,0,0,0,0,86,0,0,0,0,87,0,0,0,0,88,0,0,0,0,95,0,0,0,0,99,0,0,0,0,141,0,0,0,0,142,0,0,0,0,143,0,0,0,0,144,0,0,0,0,145,0,0,0,0,146,0,0,0,0
7,20,168,9,2022,720168,10,0,0,0,0,15,0,0,0,0,17,3343,3280,0,0,25,0,0,0,0,29,0,0,0,0,35,0,0,0,0,40,0,0,0,0,41,0,0,0,0,50,0,0,0,0,51,0,0,0,0,52,0,0,0,0,60,0,0,0,0,62,0,0,0,0,64,0,0,0,0,65,0,0,0,0,66,0,0,0,0,68,0,0,0,0,69,0,0,0,0,71,0,0,0,0,72,0,0,0,0,73,0,0,0,0,81,975,950,0,0,82,0,0,0,0,86,0,0,0,0,87,0,0,0,0,88,0,0,0,0,95,0,0,0,0,99,4318,4230,0,0,141,0,0,0,0,142,0,0,0,0,143,0,0,0,0,144,0,0,0,0,145,0,0,0,0,146,0,0,0,0
7,20,186,9,2022,720186,10,0,0,0,0,15,0,0,0,0,17,0,0,0,0,25,0,0,0,0,29,0,0,0,0,35,0,0,0,0,40,0,0,0,0,41,0,0,0,0,50,0,0,0,0,51,0,0,0,0,52,0,0,0,0,60,0,0,0,0,62,0,0,0,0,64,0,0,0,0,65,0,0,0,0,66,0,0,0,0,68,0,0,0,0,69,0,0,0,0,71,0,0,0,0,72,0,0,0,0,73,0,0,0,0,81,0,0,0,0,82,0,0,0,0,86,0,0,0,0,87,0,0,0,0,88,0,0,0,0,95,0,0,0,0,99,0,0,0,0,141,0,0,0,0,142,0,0,0,0,143,0,0,0,0,144,0,0,0,0,145,0,0,0,0,146,0,0,0,0
7,20,188,9,2022,720188,10,0,0,0,0,15,1921,1921,0,0,17,0,0,0,0,25,0,0,0,0,29,0,0,0,0,35,0,0,0,0,40,0,0,0,0,41,0,0,0,0,50,0,0,0,0,51,0,0,0,0,52,0,0,0,0,60,0,0,0,0,62,0,0,0,0,64,0,0,0,0,65,0,0,0,0,66,0,0,0,0,68,0,0,0,0,69,0,0,0,0,71,0,0,0,0,72,0,0,0,0,73,0,0,0,0,81,0,0,0,0,82,0,0,0,0,86,0,0,0,0,87,0,0,0,0,88,0,0,0,0,95,0,0,0,0,99,1921,1921,0,0,141,0,0,0,0,142,0,0,0,0,143,0,0,0,0,144,0,0,0,0,145,0,0,0,0,146,0,0,0,0
7,20,194,9,2022,720194,10,0,0,0,0,15,0,0,0,0,17,0,0,0,0,25,0,0,0,0,29,0,0,0,0,35,0,0,0,0,40,0,0,0,0,41,0,0,0,0,50,0,0,0,0,51,0,0,0,0,52,0,0,0,0,60,0,0,0,0,62,0,0,0,0,64,0,0,0,0,65,0,0,0,0,66,0,0,0,0,68,0,0,0,0,69,0,0,0,0,71,0,0,0,0,72,0,0,0,0,73,0,0,0,0,81,0,0,0,0,82,0,0,0,0,86,0,0,0,0,87,0,0,0,0,88,0,0,0,0,95,0,0,0,0,99,0,0,0,0,141,0,0,0,0,142,0,0,0,0,143,0,0,0,0,144,0,0,0,0,145,0,0,0,0,146,0,0,0,0
7,20,331,9,2022,720331,10,0,0,0,0,15,0,0,0,0,17,0,0,0,0,25,0,0,0,0,29,0,0,0,0,35,0,0,0,0,40,0,0,0,0,41,0,0,0,0,50,0,0,0,0,51,0,0,0,0,52,0,0,0,0,60,0,0,0,0,62,0,0,0,0,64,0,0,0,0,65,0,0,0,0,66,0,0,0,0,68,0,0,0,0,69,0,0,0,0,71,0,0,0,0,72,0,0,0,0,73,0,0,0,0,81,672,590,0,0,82,0,0,0,0,86,0,0,0,0,87,0,0,0,0,88,0,0,0,0,95,0,0,0,0,99,672,590,0,0,141,0,0,0,0,142,0,0,0,0,143,0,0,0,0,144,0,0,0,0,145,0,0,0,0,146,0,0,0,0
7,20,335,9,2022,720335,10,0,0,0,0,15,0,0,0,0,17,0,0,0,0,25,0,0,0,0,29,0,0,0,0,35,0,0,0,0,40,0,0,0,0,41,0,0,0,0,50,0,0,0,0,51,0,0,0,0,52,0,0,0,0,60,0,0,0,0,62,0,0,0,0,64,0,0,0,0,65,0,0,0,0,66,0,0,0,0,68,0,0,0,0,69,0,0,0,0,71,0,0,0,0,72,0,0,0,0,73,0,0,0,0,81,0,0,0,0,82,0,0,0,0,86,0,0,0,0,87,0,0,0,0,88,0,0,0,0,95,0,0,0,0,99,0,0,0,0,141,0,0,0,0,142,0,0,0,0,143,0,0,0,0,144,0,0,0,0,145,0,0,0,0,146,0,0,0,0
7,20,336,9,2022,720336,10,0,0,0,0,15,0,0,0,0,17,0,0,0,0,25,0,0,0,0,29,0,0,0,0,35,0,0,0,0,40,0,0,0,0,41,0,0,0,0,50,0,0,0,0,51,0,0,0,0,52,0,0,0,0,60,0,0,0,0,62,0,0,0,0,64,0,0,0,0,65,0,0,0,0,66,0,0,0,0,68,0,0,0,0,69,0,0,0,0,71,0,0,0,0,72,0,0,0,0,73,0,0,0,0,81,0,0,0,0,82,0,0,0,0,86,0,0,0,0,87,0,0,0,0,88,0,0,0,0,95,0,0,0,0,99,0,0,0,0,141,0,0,0,0,142,0,0,0,0,143,0,0,0,0,144,0,0,0,0,145,0,0,0,0,146,0,0,0,0
7,20,345,9,2022,720345,10,0,0,0,0,15,0,0,0,0,17,0,0,0,0,25,0,0,0,0,29,0,0,0,0,35,0,0,0,0,40,0,0,0,0,41,0,0,0,0,50,0,0,0,0,51,0,0,0,0,52,0,0,0,0,60,0,0,0,0,62,0,0,0,0,64,0,0,0,0,65,0,0,0,0,66,0,0,0,0,68,0,0,0,0,69,0,0,0,0,71,0,0,0,0,72,0,0,0,0,73,0,0,0,0,81,0,0,0,0,82,0,0,0,0,86,0,0,0,0,87,0,0,0,0,88,0,0,0,0,95,0,0,0,0,99,0,0,0,0,141,0,0,0,0,142,0,0,0,0,143,0,0,0,0,144,0,0,0,0,145,0,0,0,0,146,0,0,0,0
7,20,376,9,2022,720376,10,0,0,0,0,15,621,607,0,0,17,1419,1545,0,0,25,0,0,0,0,29,0,0,0,0,35,0,0,0,0,40,0,0,0,0,41,0,0,0,0,50,0,0,0,0,51,0,0,0,0,52,0,0,0,0,60,0,0,0,0,62,0,0,0,0,64,0,0,0,0,65,0,0,0,0,66,0,0,0,0,68,0,0,0,0,69,0,0,0,0,71,0,0,0,0,72,0,0,0,0,73,0,0,0,0,81,100,101,0,0,82,0,0,0,0,86,0,0,0,0,87,0,0,0,0,88,0,0,0,0,95,0,0,0,0,99,2140,2253,0,0,141,0,0,0,0,142,0,0,0,0,143,0,0,0,0,144,0,0,0,0,145,0,0,0,0,146,0,0,0,0
7,20,735,9,2022,720735,10,0,0,0,0,15,0,0,0,0,17,0,0,0,0,25,0,0,0,0,29,0,0,0,0,35,0,0,0,0,40,0,0,0,0,41,0,0,0,0,50,0,0,0,0,51,0,0,0,0,52,0,0,0,0,60,0,0,0,0,62,0,0,0,0,64,0,0,0,0,65,0,0,0,0,66,0,0,0,0,68,0,0,0,0,69,0,0,0,0,71,0,0,0,0,72,0,0,0,0,73,0,0,0,0,81,3602,3425,0,0,82,0,0,0,0,86,0,0,0,0,87,0,0,0,0,88,0,0,0,0,95,0,0,0,0,99,3602,3425,0,0,141,0,0,0,0,142,0,0,0,0,143,0,0,0,0,144,0,0,0,0,145,0,0,0,0,146,0,0,0,0
7,20,899,9,2022,720899,10,0,0,0,0,15,95,93,0,0,17,0,0,0,0,25,0,0,0,0,29,0,0,0,0,35,0,0,0,0,40,0,0,0,0,41,0,0,0,0,50,0,0,0,0,51,0,0,0,0,52,0,0,0,0,60,0,0,0,0,62,0,0,0,0,64,0,0,0,0,65,0,0,0,0,66,0,0,0,0,68,0,0,0,0,69,0,0,0,0,71,0,0,0,0,72,0,0,0,0,73,0,0,0,0,81,5709,5268,0,0,82,0,0,0,0,86,0,0,0,0,87,0,0,0,0,88,0,0,0,0,95,0,0,0,0,99,5804,5361,0,0,141,0,0,0,0,142,0,0,0,0,143,0,0,0,0,144,0,0,0,0,145,0,0,0,0,146,0,0,0,0
7,20,922,9,2022,720922,10,0,0,0,0,15,0,0,0,0,17,0,0,0,0,25,0,0,0,0,29,0,0,0,0,35,0,0,0,0,40,0,0,0,0,41,0,0,0,0,50,0,0,0,0,51,0,0,0,0,52,0,0,0,0,60,0,0,0,0,62,0,0,0,0,64,0,0,0,0,65,0,0,0,0,66,0,0,0,0,68,0,0,0,0,69,0,0,0,0,71,0,0,0,0,72,0,0,0,0,73,0,0,0,0,81,0,0,0,0,82,0,0,0,0,86,0,0,0,0,87,0,0,0,0,88,0,0,0,0,95,0,0,0,0,99,0,0,0,0,141,0,0,0,0,142,0,0,0,0,143,0,0,0,0,144,0,0,0,0,145,0,0,0,0,146,0,0,0,0
7,22,12,9,2022,722012,10,0,0,0,0,15,1526,1495,0,0,17,0,0,0,0,25,0,0,0,0,29,0,0,0,0,35,0,0,0,0,40,0,0,0,0,41,0,0,0,0,50,0,0,0,0,51,0,0,0,0,52,0,0,0,0,60,0,0,0,0,62,0,0,0,0,64,0,0,0,0,65,0,0,0,0,66,0,0,0,0,68,0,0,0,0,69,0,0,0,0,71,0,0,0,0,72,0,0,0,0,73,0,0,0,0,81,0,0,0,0,82,0,0,0,0,86,0,0,0,0,87,0,0,0,0,88,0,0,0,0,95,0,0,0,0,99,1526,1495,0,0,141,0,0,0,0,142,0,0,0,0,143,0,0,0,0,144,0,0,0,0,145,0,0,0,0,146,0,0,0,0
7,22,114,9,2022,722114,10,0,0,0,0,15,0,0,0,0,17,0,0,0,0,25,0,0,0,0,29,0,0,0,0,35,0,0,0,0,40,0,0,0,0,41,0,0,0,0,50,0,0,0,0,51,0,0,0,0,52,0,0,0,0,60,0,0,0,0,62,0,0,0,0,64,0,0,0,0,65,0,0,0,0,66,0,0,0,0,68,0,0,0,0,69,0,0,0,0,71,0,0,0,0,72,0,0,0,0,73,0,0,0,0,81,0,0,0,0,82,0,0,0,0,86,0,0,0,0,87,0,0,0,0,88,0,0,0,0,95,0,0,0,0,99,0,0,0,0,141,0,0,0,0,142,0,0,0,0,143,0,0,0,0,144,0,0,0,0,145,0,0,0,0,146,0,0,0,0
7,22,146,9,2022,722146,10,0,0,0,0,15,66772,66251,0,0,17,0,0,0,0,25,0,0,0,0,29,0,0,0,0,35,0,0,0,0,40,0,0,0,0,41,0,0,0,0,50,0,0,0,0,51,0,0,0,0,52,0,0,0,0,60,0,0,0,0,62,0,0,0,0,64,0,0,0,0,65,0,0,0,0,66,0,0,0,0,68,0,0,0,0,69,0,0,0,0,71,0,0,0,0,72,0,0,0,0,73,0,0,0,0,81,0,0,0,0,82,0,0,0,0,86,0,0,0,0,87,0,0,0,0,88,0,0,0,0,95,0,0,0,0,99,66772,66251,0,0,141,0,0,0,0,142,0,0,0,0,143,0,0,0,0,144,0,0,0,0,145,0,0,0,0,146,0,0,0,0
7,22,198,9,2022,722198,10,0,0,0,0,15,0,0,0,0,17,0,0,0,0,25,0,0,0,0,29,0,0,0,0,35,0,0,0,0,40,0,0,0,0,41,0,0,0,0,50,0,0,0,0,51,0,0,0,0,52,0,0,0,0,60,0,0,0,0,62,0,0,0,0,64,0,0,0,0,65,0,0,0,0,66,0,0,0,0,68,0,0,0,0,69,0,0,0,0,71,0,0,0,0,72,0,0,0,0,73,0,0,0,0,81,0,0,0,0,82,0,0,0,0,86,0,0,0,0,87,0,0,0,0,88,0,0,0,0,95,0,0,0,0,99,0,0,0,0,141,0,0,0,0,142,0,0,0,0,143,0,0,0,0,144,0,0,0,0,145,0,0,0,0,146,0,0,0,0
7,22,216,9,2022,722216,10,0,0,0,0,15,0,0,0,0,17,0,0,0,0,25,0,0,0,0,29,0,0,0,0,35,0,0,0,0,40,0,0,0,0,41,0,0,0,0,50,0,0,0,0,51,0,0,0,0,52,0,0,0,0,60,0,0,0,0,62,0,0,0,0,64,0,0,0,0,65,0,0,0,0,66,0,0,0,0,68,0,0,0,0,69,0,0,0,0,71,0,0,0,0,72,0,0,0,0,73,0,0,0,0,81,0,0,0,0,82,0,0,0,0,86,0,0,0,0,87,0,0,0,0,88,0,0,0,0,95,0,0,0,0,99,0,0,0,0,141,0,0,0,0,142,0,0,0,0,143,0,0,0,0,144,0,0,0,0,145,0,0,0,0,146,0,0,0,0
7,22,308,9,2022,722308,10,0,0,0,0,15,0,0,0,0,17,0,0,0,0,25,0,0,0,0,29,0,0,0,0,35,0,0,0,0,40,0,0,0,0,41,0,0,0,0,50,0,0,0,0,51,0,0,0,0,52,0,0,0,0,60,0,0,0,0,62,0,0,0,0,64,0,0,0,0,65,0,0,0,0,66,0,0,0,0,68,0,0,0,0,69,0,0,0,0,71,0,0,0,0,72,0,0,0,0,73,0,0,0,0,81,0,0,0,0,82,0,0,0,0,86,0,0,0,0,87,0,0,0,0,88,0,0,0,0,95,0,0,0,0,99,0,0,0,0,141,0,0,0,0,142,0,0,0,0,143,0,0,0,0,144,0,0,0,0,145,0,0,0,0,146,0,0,0,0
7,22,313,9,2022,722313,10,0,0,0,0,15,0,0,0,0,17,0,0,0,0,25,0,0,0,0,29,0,0,0,0,35,0,0,0,0,40,0,0,0,0,41,0,0,0,0,50,0,0,0,0,51,0,0,0,0,52,0,0,0,0,60,0,0,0,0,62,0,0,0,0,64,0,0,0,0,65,0,0,0,0,66,0,0,0,0,68,0,0,0,0,69,0,0,0,0,71,0,0,0,0,72,0,0,0,0,73,0,0,0,0,81,0,0,0,0,82,0,0,0,0,86,0,0,0,0,87,0,0,0,0,88,0,0,0,0,95,0,0,0,0,99,0,0,0,0,141,0,0,0,0,142,0,0,0,0,143,0,0,0,0,144,0,0,0,0,145,0,0,0,0,146,0,0,0,0
7,22,350,9,2022,722350,10,0,0,0,0,15,84,87,0,0,17,0,0,0,0,25,0,0,0,0,29,0,0,0,0,35,0,0,0,0,40,0,0,0,0,41,0,0,0,0,50,0,0,0,0,51,0,0,0,0,52,0,0,0,0,60,0,0,0,0,62,0,0,0,0,64,0,0,0,0,65,0,0,0,0,66,0,0,0,0,68,0,0,0,0,69,0,0,0,0,71,0,0,0,0,72,0,0,0,0,73,0,0,0,0,81,0,0,0,0,82,0,0,0,0,86,0,0,0,0,87,0,0,0,0,88,0,0,0,0,95,0,0,0,0,99,84,87,0,0,141,0,0,0,0,142,0,0,0,0,143,0,0,0,0,144,0,0,0,0,145,0,0,0,0,146,0,0,0,0
7,22,406,9,2022,722406,10,0,0,0,0,15,18430,18354,0,0,17,0,0,0,0,25,0,0,0,0,29,0,0,0,0,35,0,0,0,0,40,0,0,0,0,41,0,0,0,0,50,0,0,0,0,51,0,0,0,0,52,0,0,0,0,60,0,0,0,0,62,0,0,0,0,64,0,0,0,0,65,0,0,0,0,66,0,0,0,0,68,0,0,0,0,69,0,0,0,0,71,0,0,0,0,72,0,0,0,0,73,0,0,0,0,81,0,0,0,0,82,0,0,0,0,86,0,0,0,0,87,0,0,0,0,88,0,0,0,0,95,0,0,0,0,99,18430,18354,0,0,141,0,0,0,0,142,0,0,0,0,143,0,0,0,0,144,0,0,0,0,145,0,0,0,0,146,0,0,0,0
7,22,644,9,2022,722644,10,0,0,0,0,15,0,0,0,0,17,0,0,0,0,25,0,0,0,0,29,0,0,0,0,35,0,0,0,0,40,0,0,0,0,41,0,0,0,0,50,0,0,0,0,51,0,0,0,0,52,0,0,0,0,60,0,0,0,0,62,0,0,0,0,64,0,0,0,0,65,0,0,0,0,66,0,0,0,0,68,0,0,0,0,69,0,0,0,0,71,0,0,0,0,72,0,0,0,0,73,0,0,0,0,81,0,0,0,0,82,0,0,0,0,86,0,0,0,0,87,0,0,0,0,88,0,0,0,0,95,0,0,0,0,99,0,0,0,0,141,0,0,0,0,142,0,0,0,0,143,0,0,0,0,144,0,0,0,0,145,0,0,0,0,146,0,0,0,0
7,22,825,9,2022,722825,10,0,0,0,0,15,1193566,1093204,0,0,17,0,0,0,0,25,0,0,0,0,29,5829,5483,0,0,35,0,0,0,0,40,0,0,0,0,41,0,0,0,0,50,0,0,0,0,51,0,0,0,0,52,0,0,0,0,60,0,0,0,0,62,0,0,0,0,64,0,0,0,0,65,0,0,0,0,66,0,0,0,0,68,0,0,0,0,69,0,0,0,0,71,0,0,0,0,72,0,0,0,0,73,0,0,0,0,81,0,0,0,0,82,0,0,0,0,86,0,0,0,0,87,0,0,0,0,88,0,0,0,0,95,0,0,0,0,99,1199395,1098687,0,0,141,0,0,0,0,142,0,0,0,0,143,0,0,0,0,144,0,0,0,0,145,0,0,0,0,146,0,0,0,0
7,22,918,9,2022,722918,10,0,0,0,0,15,568595,537969,0,0,17,0,0,0,0,25,0,0,0,0,29,27194,25813,0,0,35,0,0,0,0,40,0,0,0,0,41,0,0,0,0,50,0,0,0,0,51,0,0,0,0,52,0,0,0,0,60,0,0,0,0,62,0,0,0,0,64,0,0,0,0,65,0,0,0,0,66,0,0,0,0,68,0,0,0,0,69,0,0,0,0,71,1089,1117,0,0,72,0,0,0,0,73,0,0,0,0,81,37679,36706,0,0,82,0,0,0,0,86,389518,346472,0,0,87,0,0,0,0,88,211512,190065,0,0,95,0,0,0,0,99,1235587,1138142,0,0,141,0,0,0,0,142,0,0,0,0,143,0,0,0,0,144,0,0,0,0,145,0,0,0,0,146,0,0,0,0
7,25,31,9,2022,725031,10,0,0,0,0,15,0,0,0,0,17,0,0,0,0,25,0,0,0,0,29,0,0,0,0,35,0,0,0,0,40,0,0,0,0,41,0,0,0,0,50,0,0,0,0,51,0,0,0,0,52,0,0,0,0,60,0,0,0,0,62,0,0,0,0,64,0,0,0,0,65,0,0,0,0,66,0,0,0,0,68,0,0,0,0,69,0,0,0,0,71,0,0,0,0,72,0,0,0,0,73,0,0,0,0,81,0,0,0,0,82,0,0,0,0,86,0,0,0,0,87,0,0,0,0,88,0,0,0,0,95,0,0,0,0,99,0,0,0,0,141,0,0,0,0,142,0,0,0,0,143,0,0,0,0,144,0,0,0,0,145,0,0,0,0,146,0,0,0,0
7,25,131,9,2022,725131,10,0,0,0,0,15,0,0,0,0,17,0,0,0,0,25,0,0,0,0,29,0,0,0,0,35,0,0,0,0,40,0,0,0,0,41,0,0,0,0,50,0,0,0,0,51,0,0,0,0,52,0,0,0,0,60,0,0,0,0,62,0,0,0,0,64,0,0,0,0,65,0,0,0,0,66,0,0,0,0,68,0,0,0,0,69,0,0,0,0,71,0,0,0,0,72,0,0,0,0,73,0,0,0,0,81,0,0,0,0,82,0,0,0,0,86,0,0,0,0,87,0,0,0,0,88,0,0,0,0,95,0,0,0,0,99,0,0,0,0,141,0,0,0,0,142,0,0,0,0,143,0,0,0,0,144,0,0,0,0,145,0,0,0,0,146,0,0,0,0
7,25,247,9,2022,725247,10,0,0,0,0,15,0,0,0,0,17,0,0,0,0,25,0,0,0,0,29,0,0,0,0,35,0,0,0,0,40,0,0,0,0,41,0,0,0,0,50,0,0,0,0,51,0,0,0,0,52,0,0,0,0,60,0,0,0,0,62,0,0,0,0,64,0,0,0,0,65,0,0,0,0,66,0,0,0,0,68,0,0,0,0,69,0,0,0,0,71,0,0,0,0,72,0,0,0,0,73,0,0,0,0,81,0,0,0,0,82,0,0,0,0,86,0,0,0,0,87,0,0,0,0,88,0,0,0,0,95,0,0,0,0,99,0,0,0,0,141,0,0,0,0,142,0,0,0,0,143,0,0,0,0,144,0,0,0,0,145,0,0,0,0,146,0,0,0,0
7,25,256,9,2022,725256,10,0,0,0,0,15,0,0,0,0,17,0,0,0,0,25,0,0,0,0,29,0,0,0,0,35,0,0,0,0,40,0,0,0,0,41,0,0,0,0,50,0,0,0,0,51,0,0,0,0,52,0,0,0,0,60,0,0,0,0,62,0,0,0,0,64,0,0,0,0,65,0,0,0,0,66,0,0,0,0,68,0,0,0,0,69,0,0,0,0,71,0,0,0,0,72,0,0,0,0,73,0,0,0,0,81,0,0,0,0,82,0,0,0,0,86,0,0,0,0,87,0,0,0,0,88,0,0,0,0,95,0,0,0,0,99,0,0,0,0,141,0,0,0,0,142,0,0,0,0,143,0,0,0,0,144,0,0,0,0,145,0,0,0,0,146,0,0,0,0
7,25,326,9,2022,725326,10,0,0,0,0,15,0,0,0,0,17,0,0,0,0,25,0,0,0,0,29,0,0,0,0,35,0,0,0,0,40,0,0,0,0,41,0,0,0,0,50,0,0,0,0,51,0,0,0,0,52,0,0,0,0,60,0,0,0,0,62,0,0,0,0,64,0,0,0,0,65,0,0,0,0,66,0,0,0,0,68,0,0,0,0,69,0,0,0,0,71,0,0,0,0,72,0,0,0,0,73,0,0,0,0,81,0,0,0,0,82,0,0,0,0,86,0,0,0,0,87,0,0,0,0,88,0,0,0,0,95,0,0,0,0,99,0,0,0,0,141,0,0,0,0,142,0,0,0,0,143,0,0,0,0,144,0,0,0,0,145,0,0,0,0,146,0,0,0,0
7,25,429,9,2022,725429,10,0,0,0,0,15,0,0,0,0,17,0,0,0,0,25,0,0,0,0,29,0,0,0,0,35,0,0,0,0,40,0,0,0,0,41,0,0,0,0,50,0,0,0,0,51,0,0,0,0,52,0,0,0,0,60,0,0,0,0,62,0,0,0,0,64,0,0,0,0,65,0,0,0,0,66,0,0,0,0,68,0,0,0,0,69,0,0,0,0,71,0,0,0,0,72,0,0,0,0,73,0,0,0,0,81,0,0,0,0,82,0,0,0,0,86,0,0,0,0,87,0,0,0,0,88,0,0,0,0,95,0,0,0,0,99,0,0,0,0,141,0,0,0,0,142,0,0,0,0,143,0,0,0,0,144,0,0,0,0,145,0,0,0,0,146,0,0,0,0
7,25,450,9,2022,725450,10,0,0,0,0,15,0,0,0,0,17,0,0,0,0,25,0,0,0,0,29,0,0,0,0,35,0,0,0,0,40,0,0,0,0,41,0,0,0,0,50,0,0,0,0,51,0,0,0,0,52,0,0,0,0,60,0,0,0,0,62,0,0,0,0,64,0,0,0,0,65,0,0,0,0,66,0,0,0,0,68,0,0,0,0,69,0,0,0,0,71,0,0,0,0,72,0,0,0,0,73,0,0,0,0,81,0,0,0,0,82,0,0,0,0,86,4384,4384,0,0,87,0,0,0,0,88,0,0,0,0,95,0,0,0,0,99,4384,4384,0,0,141,0,0,0,0,142,0,0,0,0,143,0,0,0,0,144,0,0,0,0,145,0,0,0,0,146,0,0,0,0
7,25,457,9,2022,725457,10,0,0,890575,838847,15,0,0,0,0,17,0,0,0,0,25,0,0,0,0,29,0,0,0,0,35,0,0,0,0,40,0,0,0,0,41,0,0,0,0,50,0,0,0,0,51,0,0,0,0,52,0,0,0,0,60,0,0,0,0,62,0,0,0,0,64,0,0,0,0,65,0,0,0,0,66,0,0,0,0,68,0,0,0,0,69,0,0,0,0,71,0,0,0,0,72,0,0,0,0,73,0,0,0,0,81,0,0,0,0,82,0,0,0,0,86,0,0,0,0,87,0,0,0,0,88,0,0,0,0,95,0,0,0,0,99,0,0,890575,838847,141,0,0,0,0,142,0,0,0,0,143,0,0,0,0,144,0,0,0,0,145,0,0,0,0,146,0,0,0,0
7,25,466,9,2022,725466,10,0,0,0,0,15,0,0,0,0,17,0,0,0,0,25,0,0,0,0,29,0,0,0,0,35,0,0,0,0,40,0,0,0,0,41,0,0,0,0,50,0,0,0,0,51,0,0,0,0,52,0,0,0,0,60,0,0,0,0,62,0,0,0,0,64,0,0,0,0,65,0,0,0,0,66,0,0,0,0,68,0,0,0,0,69,0,0,0,0,71,0,0,0,0,72,0,0,0,0,73,0,0,0,0,81,0,0,0,0,82,0,0,0,0,86,0,0,0,0,87,0,0,0,0,88,0,0,0,0,95,0,0,0,0,99,0,0,0,0,141,0,0,0,0,142,0,0,0,0,143,0,0,0,0,144,0,0,0,0,145,0,0,0,0,146,0,0,0,0
7,25,488,9,2022,725488,10,0,0,0,0,15,0,0,0,0,17,0,0,0,0,25,0,0,0,0,29,0,0,0,0,35,0,0,0,0,40,0,0,0,0,41,0,0,0,0,50,0,0,0,0,51,0,0,0,0,52,0,0,0,0,60,0,0,0,0,62,0,0,0,0,64,0,0,0,0,65,0,0,0,0,66,0,0,0,0,68,0,0,0,0,69,0,0,0,0,71,0,0,0,0,72,0,0,0,0,73,0,0,0,0,81,0,0,0,0,82,0,0,0,0,86,0,0,0,0,87,0,0,0,0,88,0,0,0,0,95,0,0,0,0,99,0,0,0,0,141,0,0,0,0,142,0,0,0,0,143,0,0,0,0,144,0,0,0,0,145,0,0,0,0,146,0,0,0,0
7,25,646,9,2022,725646,10,0,0,0,0,15,0,0,0,0,17,0,0,0,0,25,0,0,0,0,29,0,0,0,0,35,0,0,0,0,40,0,0,0,0,41,0,0,0,0,50,0,0,0,0,51,0,0,0,0,52,0,0,0,0,60,0,0,0,0,62,0,0,0,0,64,0,0,0,0,65,0,0,0,0,66,0,0,0,0,68,0,0,0,0,69,0,0,0,0,71,0,0,0,0,72,0,0,0,0,73,0,0,0,0,81,0,0,0,0,82,0,0,0,0,86,0,0,0,0,87,0,0,0,0,88,0,0,0,0,95,0,0,0,0,99,0,0,0,0,141,0,0,0,0,142,0,0,0,0,143,0,0,0,0,144,0,0,0,0,145,0,0,0,0,146,0,0,0,0
7,25,676,9,2022,725676,10,0,0,0,0,15,0,0,0,0,17,0,0,0,0,25,0,0,0,0,29,0,0,0,0,35,0,0,0,0,40,0,0,0,0,41,0,0,0,0,50,0,0,0,0,51,0,0,0,0,52,0,0,0,0,60,0,0,0,0,62,0,0,0,0,64,0,0,0,0,65,0,0,0,0,66,0,0,0,0,68,0,0,0,0,69,0,0,0,0,71,0,0,0,0,72,0,0,0,0,73,0,0,0,0,81,0,0,0,0,82,0,0,0,0,86,0,0,0,0,87,0,0,0,0,88,0,0,0,0,95,0,0,0,0,99,0,0,0,0,141,0,0,0,0,142,0,0,0,0,143,0,0,0,0,144,0,0,0,0,145,0,0,0,0,146,0,0,0,0
7,25,715,9,2022,725715,10,0,0,0,0,15,0,0,0,0,17,0,0,0,0,25,0,0,0,0,29,0,0,0,0,35,0,0,0,0,40,0,0,0,0,41,0,0,0,0,50,0,0,0,0,51,0,0,0,0,52,0,0,0,0,60,0,0,0,0,62,0,0,0,0,64,0,0,0,0,65,0,0,0,0,66,0,0,0,0,68,0,0,0,0,69,0,0,0,0,71,0,0,0,0,72,0,0,0,0,73,0,0,0,0,81,0,0,0,0,82,0,0,0,0,86,0,0,0,0,87,0,0,0,0,88,0,0,0,0,95,0,0,0,0,99,0,0,0,0,141,0,0,0,0,142,0,0,0,0,143,0,0,0,0,144,0,0,0,0,145,0,0,0,0,146,0,0,0,0
7,25,818,9,2022,725818,10,0,0,0,0,15,0,0,0,0,17,0,0,0,0,25,0,0,0,0,29,0,0,0,0,35,0,0,0,0,40,0,0,0,0,41,0,0,0,0,50,0,0,0,0,51,0,0,0,0,52,0,0,0,0,60,0,0,0,0,62,0,0,0,0,64,0,0,0,0,65,0,0,0,0,66,0,0,0,0,68,0,0,0,0,69,0,0,0,0,71,0,0,0,0,72,0,0,0,0,73,0,0,0,0,81,0,0,0,0,82,0,0,0,0,86,0,0,0,0,87,0,0,0,0,88,0,0,0,0,95,0,0,0,0,99,0,0,0,0,141,0,0,0,0,142,0,0,0,0,143,0,0,0,0,144,0,0,0,0,145,0,0,0,0,146,0,0,0,0
7,25,839,9,2022,725839,10,0,0,0,0,15,0,0,0,0,17,0,0,0,0,25,0,0,0,0,29,0,0,0,0,35,0,0,0,0,40,0,0,0,0,41,0,0,0,0,50,0,0,0,0,51,0,0,0,0,52,0,0,0,0,60,0,0,0,0,62,0,0,0,0,64,0,0,0,0,65,0,0,0,0,66,0,0,0,0,68,0,0,0,0,69,0,0,0,0,71,0,0,0,0,72,0,0,0,0,73,0,0,0,0,81,0,0,0,0,82,0,0,0,0,86,0,0,0,0,87,0,0,0,0,88,0,0,0,0,95,0,0,0,0,99,0,0,0,0,141,0,0,0,0,142,0,0,0,0,143,0,0,0,0,144,0,0,0,0,145,0,0,0,0,146,0,0,0,0
7,25,898,9,2022,725898,10,0,0,580388,540308,15,0,0,0,0,17,0,0,0,0,25,0,0,0,0,29,0,0,0,0,35,0,0,0,0,40,0,0,0,0,41,0,0,0,0,50,0,0,0,0,51,0,0,0,0,52,0,0,0,0,60,0,0,0,0,62,0,0,0,0,64,0,0,0,0,65,0,0,0,0,66,0,0,0,0,68,0,0,0,0,69,0,0,0,0,71,0,0,0,0,72,0,0,0,0,73,0,0,0,0,81,0,0,0,0,82,0,0,0,0,86,0,0,0,0,87,0,0,0,0,88,0,0,0,0,95,0,0,0,0,99,0,0,580388,540308,141,0,0,0,0,142,0,0,0,0,143,0,0,0,0,144,0,0,0,0,145,0,0,0,0,146,0,0,0,0
7,25,940,9,2022,725940,10,0,0,0,0,15,0,0,0,0,17,0,0,0,0,25,0,0,0,0,29,0,0,0,0,35,0,0,0,0,40,0,0,0,0,41,0,0,0,0,50,0,0,0,0,51,0,0,0,0,52,0,0,0,0,60,0,0,0,0,62,0,0,0,0,64,0,0,0,0,65,0,0,0,0,66,0,0,0,0,68,0,0,0,0,69,0,0,0,0,71,0,0,0,0,72,0,0,0,0,73,0,0,0,0,81,0,0,0,0,82,0,0,0,0,86,0,0,0,0,87,0,0,0,0,88,0,0,0,0,95,0,0,0,0,99,0,0,0,0,141,0,0,0,0,142,0,0,0,0,143,0,0,0,0,144,0,0,0,0,145,0,0,0,0,146,0,0,0,0
7,25,947,9,2022,725947,10,0,0,0,0,15,0,0,0,0,17,0,0,0,0,25,0,0,0,0,29,0,0,0,0,35,0,0,0,0,40,0,0,0,0,41,0,0,0,0,50,0,0,0,0,51,0,0,0,0,52,0,0,0,0,60,0,0,0,0,62,0,0,0,0,64,0,0,0,0,65,0,0,0,0,66,0,0,0,0,68,0,0,0,0,69,0,0,0,0,71,0,0,0,0,72,0,0,0,0,73,0,0,0,0,81,0,0,0,0,82,0,0,0,0,86,0,0,0,0,87,0,0,0,0,88,0,0,0,0,95,0,0,0,0,99,0,0,0,0,141,0,0,0,0,142,0,0,0,0,143,0,0,0,0,144,0,0,0,0,145,0,0,0,0,146,0,0,0,0
7,25,983,9,2022,725983,10,0,0,0,0,15,0,0,0,0,17,0,0,0,0,25,0,0,0,0,29,0,0,0,0,35,0,0,0,0,40,0,0,0,0,41,0,0,0,0,50,0,0,0,0,51,0,0,0,0,52,0,0,0,0,60,0,0,0,0,62,0,0,0,0,64,0,0,0,0,65,0,0,0,0,66,0,0,0,0,68,0,0,0,0,69,0,0,0,0,71,0,0,0,0,72,0,0,0,0,73,0,0,0,0,81,0,0,0,0,82,0,0,0,0,86,0,0,0,0,87,0,0,0,0,88,0,0,0,0,95,0,0,0,0,99,0,0,0,0,141,0,0,0,0,142,0,0,0,0,143,0,0,0,0,144,0,0,0,0,145,0,0,0,0,146,0,0,0,0
8,10,586,9,2022,810586,10,0,0,0,0,15,0,0,0,0,17,0,0,0,0,25,0,0,0,0,29,0,0,0,0,35,0,0,0,0,40,0,0,0,0,41,0,0,0,0,50,0,0,0,0,51,0,0,0,0,52,0,0,0,0,60,0,0,0,0,62,0,0,0,0,64,0,0,0,0,65,0,0,0,0,66,0,0,0,0,68,0,0,0,0,69,0,0,0,0,71,0,0,0,0,72,0,0,0,0,73,0,0,0,0,81,0,0,0,0,82,0,0,0,0,86,0,0,0,0,87,0,0,0,0,88,0,0,0,0,95,0,0,0,0,99,0,0,0,0,141,0,0,0,0,142,0,0,0,0,143,0,0,0,0,144,0,0,0,0,145,0,0,0,0,146,0,0,0,0
9,25,0,9,2022,925000,10,0,0,16127776,15357457,15,0,0,915759,856191,17,0,0,362860,351693,25,0,0,1426968,1324563,29,0,0,0,0,35,0,0,0,0,40,0,0,1780000,1780000,41,0,0,575000,575376,50,0,0,11700000,11700000,51,0,0,0,0,52,0,0,0,0,60,0,0,0,0,62,0,0,1046662,879259,64,0,0,0,0,65,0,0,0,0,66,0,0,0,0,68,0,0,487516,455014,69,0,0,0,0,71,0,0,0,0,72,0,0,13862435,12878781,73,0,0,0,0,81,0,0,549526,507374,82,0,0,0,0,86,0,0,0,0,87,0,0,0,0,88,0,0,0,0,95,0,0,0,0,99,0,0,49046756,46876953,141,0,0,0,0,142,0,0,0,0,143,0,0,212254,211245,144,0,0,0,0,145,0,0,0,0,146,0,0,0,0
20,0,2,9,2022,2000002,10,0,0,0,0,15,0,0,0,0,17,0,0,0,0,25,0,0,0,0,29,0,0,0,0,35,0,0,0,0,40,0,0,0,0,41,0,0,0,0,50,0,0,0,0,51,0,0,0,0,52,0,0,0,0,60,0,0,0,0,62,0,0,0,0,64,0,0,0,0,65,0,0,0,0,66,0,0,0,0,68,0,0,0,0,69,0,0,0,0,71,0,0,0,0,72,0,0,0,0,73,0,0,0,0,81,0,0,0,0,82,0,0,0,0,86,0,0,0,0,87,0,0,0,0,88,0,0,0,0,95,0,0,0,0,99,0,0,0,0,141,0,0,0,0,142,0,0,0,0,143,0,0,0,0,144,0,0,0,0,145,0,0,0,0,146,0,0,0,0
20,0,4,9,2022,2000004,10,0,0,0,0,15,0,0,0,0,17,0,0,0,0,25,0,0,0,0,29,0,0,0,0,35,0,0,0,0,40,0,0,0,0,41,0,0,0,0,50,0,0,0,0,51,0,0,0,0,52,0,0,0,0,60,0,0,0,0,62,0,0,0,0,64,0,0,0,0,65,0,0,0,0,66,0,0,0,0,68,0,0,0,0,69,0,0,0,0,71,0,0,0,0,72,0,0,0,0,73,0,0,0,0,81,0,0,0,0,82,0,0,0,0,86,0,0,0,0,87,0,0,0,0,88,0,0,0,0,95,0,0,0,0,99,0,0,0,0,141,0,0,0,0,142,0,0,0,0,143,0,0,0,0,144,0,0,0,0,145,0,0,0,0,146,0,0,0,0
20,0,7,9,2022,2000007,10,0,0,0,0,15,0,0,0,0,17,0,0,0,0,25,0,0,0,0,29,0,0,0,0,35,0,0,0,0,40,0,0,0,0,41,0,0,0,0,50,0,0,0,0,51,0,0,0,0,52,0,0,0,0,60,0,0,0,0,62,0,0,0,0,64,0,0,0,0,65,0,0,0,0,66,0,0,0,0,68,0,0,0,0,69,0,0,0,0,71,0,0,0,0,72,0,0,0,0,73,0,0,0,0,81,0,0,0,0,82,0,0,0,0,86,0,0,0,0,87,0,0,0,0,88,0,0,0,0,95,0,0,0,0,99,0,0,0,0,141,0,0,0,0,142,0,0,0,0,143,0,0,0,0,144,0,0,0,0,145,0,0,0,0,146,0,0,0,0
20,0,9,9,2022,2000009,10,0,0,0,0,15,0,0,0,0,17,0,0,0,0,25,0,0,0,0,29,0,0,0,0,35,0,0,0,0,40,0,0,0,0,41,0,0,0,0,50,0,0,0,0,51,0,0,0,0,52,0,0,0,0,60,0,0,0,0,62,0,0,0,0,64,0,0,0,0,65,0,0,0,0,66,0,0,0,0,68,0,0,0,0,69,0,0,0,0,71,0,0,0,0,72,0,0,0,0,73,0,0,0,0,81,0,0,0,0,82,0,0,0,0,86,0,0,0,0,87,0,0,0,0,88,0,0,0,0,95,0,0,0,0,99,0,0,0,0,141,0,0,0,0,142,0,0,0,0,143,0,0,0,0,144,0,0,0,0,145,0,0,0,0,146,0,0,0,0
20,0,11,9,2022,2000011,10,0,0,0,0,15,0,0,0,0,17,0,0,0,0,25,0,0,0,0,29,0,0,0,0,35,0,0,0,0,40,0,0,0,0,41,0,0,0,0,50,0,0,0,0,51,0,0,0,0,52,0,0,0,0,60,0,0,0,0,62,0,0,0,0,64,0,0,0,0,65,0,0,0,0,66,0,0,0,0,68,0,0,0,0,69,0,0,0,0,71,0,0,0,0,72,0,0,0,0,73,0,0,0,0,81,0,0,0,0,82,0,0,0,0,86,0,0,0,0,87,0,0,0,0,88,0,0,0,0,95,0,0,0,0,99,0,0,0,0,141,0,0,0,0,142,0,0,0,0,143,0,0,0,0,144,0,0,0,0,145,0,0,0,0,146,0,0,0,0
20,0,12,9,2022,2000012,10,0,0,0,0,15,0,0,0,0,17,0,0,0,0,25,0,0,0,0,29,0,0,0,0,35,0,0,0,0,40,0,0,0,0,41,0,0,0,0,50,0,0,0,0,51,0,0,0,0,52,0,0,0,0,60,0,0,0,0,62,0,0,0,0,64,0,0,0,0,65,0,0,0,0,66,0,0,0,0,68,0,0,0,0,69,0,0,0,0,71,0,0,0,0,72,0,0,0,0,73,0,0,0,0,81,0,0,0,0,82,0,0,0,0,86,0,0,0,0,87,0,0,0,0,88,0,0,0,0,95,0,0,0,0,99,0,0,0,0,141,0,0,0,0,142,0,0,0,0,143,0,0,0,0,144,0,0,0,0,145,0,0,0,0,146,0,0,0,0
