6,10,0,9,2022,610000,10,28041139,0,0,28041139,20,2228,0,0,2228,54,0,0,0,0,56,21533,0,1998,23531,60,28064900,0,1998,28066898,80,,,,3242
6,20,0,9,2022,620000,10,31025342,7004,622,31032968,20,29753,223,2351,32327,54,10027,1064,5012,16103,56,7447,6580,10999,25026,60,31072569,14871,18984,31106424,80,,,,18415
6,22,0,9,2022,622000,10,130268028,27504,12216,130307748,20,3175,26,0,3201,54,4873,171,0,5044,56,32729,1437,8776,42942,60,130308805,29138,20992,130358935,80,,,,209669
7,10,56,9,2022,710056,10,374636,3110,245,377991,20,0,0,0,0,54,0,0,0,0,56,1568,220,1631,3419,60,376204,3330,1876,381410,80,,,,990
7,10,261,9,2022,710261,10,2197767,1463,1166,2200396,20,0,0,0,0,54,0,0,0,0,56,11206,23,12,11241,60,2208973,1486,1178,2211637,80,,,,5234
7,10,269,9,2022,710269,10,2671375,13479,7893,2692747,20,5166,0,0,5166,54,0,0,0,0,56,5708,2111,12030,19849,60,2682249,15590,19923,2717762,80,,,,5709
7,10,398,9,2022,710398,10,2481944,2744,0,2484688,20,104,7,0,111,54,0,0,0,0,56,2524,460,0,2984,60,2484572,3211,0,2487783,80,,,,7621
7,10,549,9,2022,710549,10,643796,5010,0,648806,20,0,0,0,0,54,0,0,0,0,56,2423,0,1452,3875,60,646219,5010,1452,652681,80,,,,2790
7,10,551,9,2022,710551,10,669150,226,1528,670904,20,71,0,0,71,54,0,0,0,0,56,6,0,106,112,60,669227,226,1634,671087,80,,,,3151
7,10,566,9,2022,710566,10,11373871,80327,15,11454213,20,8550,1155,0,9705,54,261,0,0,261,56,11355,961,40465,52781,60,11394037,82443,40480,11516960,80,,,,30579
7,10,862,9,2022,710862,10,358683,579,0,359262,20,851,0,0,851,54,0,0,0,0,56,1843,324,1682,3849,60,361377,903,1682,363962,80,,,,1700
7,10,924,9,2022,710924,10,1027900,996,0,1028896,20,3783,40,0,3823,54,0,0,0,0,56,6578,68,435,7081,60,1038261,1104,435,1039800,80,,,,4239
7,10,973,9,2022,710973,10,972802,232,0,973034,20,73,0,0,73,54,0,0,0,0,56,47,72,1249,1368,60,972922,304,1249,974475,80,,,,4483
7,10,981,9,2022,710981,10,1368532,3304,0,1371836,20,638,0,0,638,54,0,0,0,0,56,622,16,266,904,60,1369792,3320,266,1373378,80,,,,5841
7,10,985,9,2022,710985,10,1107014,5548,0,1112562,20,663,0,0,663,54,0,0,0,0,56,2975,493,3399,6867,60,1110652,6041,3399,1120092,80,,,,5452
7,10,990,9,2022,710990,10,1297686,2440,160,1300286,20,5555,0,0,5555,54,20,0,0,20,56,901,1098,446,2445,60,1304162,3538,606,1308306,80,,,,5755
7,20,33,9,2022,720033,10,3033198,8334,0,3041532,20,278,0,0,278,54,0,0,0,0,56,1844,115,849,2808,60,3035320,8449,849,3044618,80,,,,16494
7,20,40,9,2022,720040,10,684749,163,0,684912,20,1483,0,0,1483,54,0,0,0,0,56,290,0,753,1043,60,686522,163,753,687438,80,,,,6803
7,20,60,9,2022,720060,10,170563,288,0,170851,20,3791,0,0,3791,54,0,0,0,0,56,4288,45,1974,6307,60,178642,333,1974,180949,80,,,,762
7,20,105,9,2022,720105,10,1146817,5405,0,1152222,20,3611,114,0,3725,54,163,0,0,163,56,3539,153,2849,6541,60,1154130,5672,2849,1162651,80,,,,5397
7,20,131,9,2022,720131,10,619165,2966,0,622131,20,4429,0,0,4429,54,0,0,0,0,56,4197,392,4101,8690,60,627791,3358,4101,635250,80,,,,3699
7,20,143,9,2022,720143,10,778959,3853,0,782812,20,277,0,0,277,54,0,0,0,0,56,868,165,333,1366,60,780104,4018,333,784455,80,,,,6740
7,20,168,9,2022,720168,10,679175,1225,0,680400,20,1150,37,0,1187,54,0,0,0,0,56,5142,2336,2734,10212,60,685467,3598,2734,691799,80,,,,3285
7,20,186,9,2022,720186,10,351591,814,0,352405,20,1258,0,0,1258,54,0,0,0,0,56,196,22,15,233,60,353045,836,15,353896,80,,,,2075
7,20,188,9,2022,720188,10,792602,638,1087,794327,20,1469,0,0,1469,54,0,0,0,0,56,1001,56,3315,4372,60,795072,694,4402,800168,80,,,,2157
7,20,194,9,2022,720194,10,2060003,3007,0,2063010,20,14621,20,0,14641,54,1304,22,0,1326,56,13472,1774,4289,19535,60,2089400,4823,4289,2098512,80,,,,16243
7,20,331,9,2022,720331,10,1868716,6360,0,1875076,20,1143,0,0,1143,54,0,0,0,0,56,2544,496,3554,6594,60,1872403,6856,3554,1882813,80,,,,18903
7,20,335,9,2022,720335,10,1381732,5590,0,1387322,20,2283,147,0,2430,54,0,0,0,0,56,8537,131,3056,11724,60,1392552,5868,3056,1401476,80,,,,8187
7,20,336,9,2022,720336,10,1234252,2757,0,1237009,20,25514,3,0,25517,54,0,0,0,0,56,2527,235,2499,5261,60,1262293,2995,2499,1267787,80,,,,7782
7,20,345,9,2022,720345,10,5847948,21545,72,5869565,20,23255,173,0,23428,54,693,0,0,693,56,14164,3166,17621,34951,60,5886060,24884,17693,5928637,80,,,,36085
7,20,376,9,2022,720376,10,1463082,857,0,1463939,20,270,0,0,270,54,240,0,0,240,56,963,18,182,1163,60,1464555,875,182,1465612,80,,,,3727
7,20,735,9,2022,720735,10,2073963,5927,0,2079890,20,5742,1121,0,6863,54,0,0,0,0,56,2462,407,8756,11625,60,2082167,7455,8756,2098378,80,,,,16833
7,20,899,9,2022,720899,10,2774080,7471,1039,2782590,20,527,0,0,527,54,0,0,0,0,56,2196,505,472,3173,60,2776803,7976,1511,2786290,80,,,,17525
7,20,922,9,2022,720922,10,546435,1527,519,548481,20,3601,0,0,3601,54,0,0,0,0,56,559,40,5708,6307,60,550595,1567,6227,558389,80,,,,4621
7,22,12,9,2022,722012,10,12263797,10765,122,12274684,20,2434,0,0,2434,54,3955,103,0,4058,56,19688,1708,3395,24791,60,12289874,12576,3517,12305967,80,,,,47043
7,22,114,9,2022,722114,10,1449735,457,324,1450516,20,0,0,0,0,54,230,0,51,281,56,4278,0,258,4536,60,1454243,457,633,1455333,80,,,,6341
7,22,146,9,2022,722146,10,5025364,2318,0,5027682,20,426,0,0,426,54,91,1,68,160,56,3852,310,92,4254,60,5029733,2629,160,5032522,80,,,,20716
7,22,198,9,2022,722198,10,37193271,45097,24235,37262603,20,38108,0,0,38108,54,0,0,0,0,56,78702,1871,9684,90257,60,37310081,46968,33919,37390968,80,,,,198225
7,22,216,9,2022,722216,10,11259549,6359,79,11265987,20,4426,0,0,4426,54,1037,0,0,1037,56,21622,12,3649,25283,60,11286634,6371,3728,11296733,80,,,,34466
7,22,308,9,2022,722308,10,1280442,266,0,1280708,20,1,0,0,1,54,0,0,0,0,56,182,13,25,220,60,1280625,279,25,1280929,80,,,,4764
7,22,313,9,2022,722313,10,1783953,5626,0,1789579,20,2346,0,0,2346,54,1321,241,85,1647,56,7173,799,2359,10331,60,1794793,6666,2444,1803903,80,,,,11570
7,22,350,9,2022,722350,10,2240049,5376,0,2245425,20,0,0,0,0,54,61,30,0,91,56,6669,107,156,6932,60,2246779,5513,156,2252448,80,,,,7466
7,22,406,9,2022,722406,10,967122,1944,0,969066,20,0,0,0,0,54,0,0,0,0,56,277,0,205,482,60,967399,1944,205,969548,80,,,,3998
7,22,644,9,2022,722644,10,5778757,1790,0,5780547,20,2579,0,0,2579,54,825,70,0,895,56,13973,529,1632,16134,60,5796134,2389,1632,5800155,80,,,,25986
7,22,825,9,2022,722825,10,28376996,68982,145452,28591430,20,15156,69,0,15225,54,67221,5587,53,72861,56,21658,3322,27357,52337,60,28481031,77960,172862,28731853,80,,,,130662
7,22,918,9,2022,722918,10,25387609,47259,7609,25442477,20,8840,240,0,9080,54,33446,20,306,33772,56,47624,2866,28894,79384,60,25477519,50385,36809,25564713,80,,,,82561
7,25,31,9,2022,725031,10,349067,352,0,349419,20,0,0,0,0,54,0,0,0,0,56,523,0,0,523,60,349590,352,0,349942,80,,,,2002
7,25,131,9,2022,725131,10,1854701,2115,0,1856816,20,317,0,0,317,54,0,0,0,0,56,8201,439,789,9429,60,1863219,2554,789,1866562,80,,,,6216
7,25,247,9,2022,725247,10,1258712,2618,0,1261330,20,0,0,0,0,54,0,0,0,0,56,5431,1352,7193,13976,60,1264143,3970,7193,1275306,80,,,,3996
7,25,256,9,2022,725256,10,16998744,6721,0,17005465,20,10706,0,0,10706,54,0,0,0,0,56,96837,3057,4848,104742,60,17106287,9778,4848,17120913,80,,,,19334
7,25,326,9,2022,725326,10,10211633,14527,0,10226160,20,2728,0,0,2728,54,0,0,0,0,56,28847,1380,9092,39319,60,10243208,15907,9092,10268207,80,,,,25243
7,25,429,9,2022,725429,10,1520133,333,0,1520466,20,502,0,0,502,54,0,0,0,0,56,945,87,0,1032,60,1521580,420,0,1522000,80,,,,3786
7,25,450,9,2022,725450,10,4044194,44390,0,4088584,20,0,0,0,0,54,0,0,0,0,56,5221,286,2567,8074,60,4049415,44676,2567,4096658,80,,,,5089
7,25,457,9,2022,725457,10,12988603,9008,12377,13009988,20,54,0,0,54,54,0,0,0,0,56,43810,167,10675,54652,60,13032467,9175,23052,13064694,80,,,,11162
7,25,466,9,2022,725466,10,664031,0,0,664031,20,0,0,0,0,54,0,0,0,0,56,0,0,0,0,60,664031,0,0,664031,80,,,,1073
7,25,488,9,2022,725488,10,923812,0,0,923812,20,0,0,0,0,54,0,0,0,0,56,2911,0,0,2911,60,926723,0,0,926723,80,,,,2656
7,25,646,9,2022,725646,10,271801,63,0,271864,20,0,0,0,0,54,0,0,0,0,56,107,0,842,949,60,271908,63,842,272813,80,,,,1045
7,25,676,9,2022,725676,10,1429014,286,115,1429415,20,0,0,0,0,54,0,0,0,0,56,1779,0,295,2074,60,1430793,286,410,1431489,80,,,,1682
7,25,715,9,2022,725715,10,411645,0,0,411645,20,0,0,0,0,54,5,0,0,5,56,2011,0,0,2011,60,413661,0,0,413661,80,,,,1633
7,25,818,9,2022,725818,10,2137279,5918,108,2143305,20,228,0,0,228,54,0,0,0,0,56,4921,234,2916,8071,60,2142428,6152,3024,2151604,80,,,,3059
7,25,839,9,2022,725839,10,2595880,521,33,2596434,20,636,0,0,636,54,0,0,0,0,56,4667,0,1479,6146,60,2601183,521,1512,2603216,80,,,,10479
7,25,898,9,2022,725898,10,14319380,41389,3523,14364292,20,1343,390,416,2149,54,4619,0,287,4906,56,20580,3854,11728,36162,60,14345922,45633,15954,14407509,80,,,,23073
7,25,940,9,2022,725940,10,1440263,254,0,1440517,20,394,0,0,394,54,0,0,0,0,56,4348,2056,353,6757,60,1445005,2310,353,1447668,80,,,,3914
7,25,947,9,2022,725947,10,1988107,2335,0,1990442,20,0,0,0,0,54,0,0,0,0,56,3210,8,11004,14222,60,1991317,2343,11004,2004664,80,,,,2312
7,25,983,9,2022,725983,10,1307199,488,110,1307797,20,0,0,0,0,54,0,0,0,0,56,5681,0,4420,10101,60,1312880,488,4530,1317898,80,,,,4996
8,10,586,9,2022,810586,10,960678,426,0,961104,20,0,0,0,0,54,0,0,0,0,56,768,0,1249,2017,60,961446,426,1249,963121,80,,,,2683
9,25,0,9,2022,925000,10,134082761,61197,33194,134177152,20,5525,0,0,5525,54,206,6,57,269,56,108194,1049,49787,159030,60,134196686,62252,83038,134341976,80,,,,45022
20,0,2,9,2022,2000002,10,0,0,0,0,20,0,0,0,0,54,0,0,0,0,56,0,0,0,0,60,0,0,0,0,80,,,,0
20,0,4,9,2022,2000004,10,3564881,44734,23179,3632794,20,0,0,0,0,54,206,6,57,269,56,8829,550,6508,15887,60,3573916,45290,29744,3648950,80,,,,29656
20,0,7,9,2022,2000007,10,0,0,0,0,20,0,0,0,0,54,0,0,0,0,56,0,0,0,0,60,0,0,0,0,80,,,,0
20,0,9,9,2022,2000009,10,0,0,0,0,20,0,0,0,0,54,0,0,0,0,56,0,0,0,0,60,0,0,0,0,80,,,,0
20,0,11,9,2022,2000011,10,0,0,0,0,20,0,0,0,0,54,0,0,0,0,56,0,0,0,0,60,0,0,0,0,80,,,,0
20,0,12,9,2022,2000012,10,0,0,0,0,20,0,0,0,0,54,0,0,0,0,56,0,0,0,0,60,0,0,0,0,80,,,,0
