6,10,0,9,2022,610000,28011507,62439,0,34821518,0,14441,0,35472418,32781371,0,0,32781371,33624611,1847807,0,6810011,157833,24355
6,20,0,9,2022,620000,30454729,60504,196763,40305632,16116,25963,0,41151997,39000132,0,0,39000132,39234701,1917296,0,9654140,82237,2853
6,22,0,9,2022,622000,126999801,664924,0,146928465,4090,43391,100,148769665,137801706,0,3362911,141164617,141852148,6917517,0,19928664,10641,29008
7,10,56,9,2022,710056,369851,4518,0,369851,0,2511,3,389766,,326860,5240,332100,336298,53468,0,0,8447,216
7,10,261,9,2022,710261,2187581,16905,0,2188122,0,9022,0,2278242,,1993292,1384,1994676,2012877,265365,0,541,30935,0
7,10,269,9,2022,710269,2636769,24960,0,2766343,0,20234,0,2915232,,2445631,22102,2467733,2491413,423819,0,129574,43413,1410
7,10,398,9,2022,710398,2471391,13203,0,2471391,0,2658,0,2528514,,2092005,105,2092110,2110314,418200,0,0,34509,833
7,10,549,9,2022,710549,628439,6251,0,628439,0,2799,0,667841,,536172,34,536206,541009,126832,0,0,9810,231
7,10,551,9,2022,710551,663219,2821,0,663219,0,134,0,681341,,573376,22,573398,581426,99915,0,0,11039,273
7,10,566,9,2022,710566,11200593,70574,0,11202243,699,53009,796,11582641,,9679390,12115,9691505,9789141,1793500,0,1650,174812,15575
7,10,862,9,2022,710862,358639,1768,0,358639,0,3050,0,376283,,308439,439,308878,310854,65429,0,0,5193,195
7,10,924,9,2022,710924,1013227,11153,0,1013227,0,7312,0,1059442,,869029,3,869032,878154,181288,0,0,15972,478
7,10,973,9,2022,710973,948062,12253,0,948062,0,1738,0,987466,,814042,5,814047,828438,159028,0,0,14690,324
7,10,981,9,2022,710981,1331307,10837,0,1332551,0,1350,12,1394185,,1161588,155,1161743,1182771,211414,0,1244,21137,468
7,10,985,9,2022,710985,1083828,6964,0,1083828,0,7057,1615,1139976,,985529,282,985811,992206,147770,0,0,18127,657
7,10,990,9,2022,710990,1273678,10339,0,1273678,20,2690,0,1317886,,1084708,4,1084712,1094271,223615,0,0,20155,558
7,20,33,9,2022,720033,2993267,25307,0,2993292,0,2267,35,3093603,,2487948,5,2487953,2522401,571202,25,0,64163,1421
7,20,40,9,2022,720040,679070,6306,0,679256,0,1063,0,697197,,566365,0,566365,570119,127078,186,0,6437,235
7,20,60,9,2022,720060,172448,782,0,172448,0,6233,1678,183734,,126141,0,126141,127844,55890,0,0,1164,145
7,20,105,9,2022,720105,1138733,9833,0,1141261,163,6065,0,1169415,,920805,0,920805,926651,242764,0,2528,8892,634
7,20,131,9,2022,720131,614716,7551,0,619921,0,9538,156,637886,,522376,0,522376,527425,110461,0,5205,5054,363
7,20,143,9,2022,720143,766896,5411,0,766949,0,1408,0,782994,,574561,0,574561,580168,202826,53,0,5696,483
7,20,168,9,2022,720168,652859,7309,0,657182,0,10148,77,690380,,567102,0,567102,571857,118523,0,4323,11780,302
7,20,186,9,2022,720186,338702,2041,0,338818,0,260,0,342405,,249843,0,249843,252978,89427,116,0,2638,312
7,20,188,9,2022,720188,783836,3420,0,786026,0,4333,0,810295,,662001,0,662001,674589,135706,37,2153,6533,372
7,20,194,9,2022,720194,2061081,10321,0,2061093,1326,20138,566,2113760,,1623971,0,1623971,1637913,475847,12,0,15821,1051
7,20,331,9,2022,720331,1832203,15784,0,1833777,0,7508,321,1899521,,1495165,17,1495182,1517910,381611,892,682,15565,1344
7,20,335,9,2022,720335,1358853,17411,0,1358853,0,11996,0,1409529,,1082090,0,1082090,1092700,316829,0,0,10250,721
7,20,336,9,2022,720336,1240119,12339,0,1240119,0,5357,564,1280220,,990522,0,990522,1003421,276799,0,0,8870,1082
7,20,345,9,2022,720345,5771042,27652,0,5771170,648,35493,735,5916425,,4711259,0,4711259,4790193,1126232,128,0,46782,3061
7,20,376,9,2022,720376,1425903,7103,0,1428172,324,1568,0,1456194,,1102066,4658,1106724,1117015,339179,109,2160,12842,974
7,20,735,9,2022,720735,2060630,15930,0,2064810,0,11201,98,2127421,,1647415,1,1647416,1669172,458249,561,3619,19853,1457
7,20,899,9,2022,720899,2689682,34708,0,2695495,0,2645,0,2770439,,2285458,2490,2287948,2303827,466612,0,5813,20437,3276
7,20,922,9,2022,720922,539127,6066,250,539279,0,6208,0,559154,,431810,8519,440329,445188,113966,-98,0,5001,398
7,22,12,9,2022,722012,11933649,72412,0,11935537,3772,17321,792,12436332,,10050254,15887,10066141,10222788,2213544,0,1888,298420,32572
7,22,114,9,2022,722114,1438349,16966,0,1438349,221,3148,0,1515097,,1165957,0,1165957,1182412,332685,0,0,35076,464
7,22,146,9,2022,722146,4863851,53169,0,4911993,159,2495,0,5196901,,3999111,0,3999111,4035412,1161489,0,48142,156141,26529
7,22,198,9,2022,722198,36234847,463336,0,36234847,0,91317,268,38045047,,30676109,0,30676109,30987730,7057317,0,0,810626,170935
7,22,216,9,2022,722216,11089853,111099,0,11089853,1037,16601,0,11652528,,9067459,0,9067459,9214181,2438347,0,0,293628,23232
7,22,308,9,2022,722308,1229595,19901,0,1229595,0,240,0,1294318,,1016838,0,1016838,1030863,263455,0,0,29139,390
7,22,313,9,2022,722313,1752097,11101,0,1752097,1759,6105,221,1835558,,1450867,8286,1459153,1477428,358130,0,0,39430,4284
7,22,350,9,2022,722350,2180581,25990,0,2180764,90,4116,0,2266154,,1834255,640,1834895,1855676,410478,0,183,48479,477
7,22,406,9,2022,722406,914131,16149,0,932200,0,494,0,982873,,780117,553,780670,790366,192507,0,18069,23154,272
7,22,644,9,2022,722644,5650092,53476,0,5650092,905,14384,0,5938713,,4781074,14146,4795220,4853125,1085588,0,0,144402,26063
7,22,825,9,2022,722825,27727871,224483,0,28764456,60801,67214,406,30443214,,24627402,5213,24632615,24904293,5538921,0,1036585,938449,110809
7,22,918,9,2022,722918,24926813,204897,0,26124262,26736,77802,2036,27692128,,22345901,278954,22624855,23065986,4626142,20869,1176580,775883,94356
7,25,31,9,2022,725031,341932,5399,0,341932,0,572,0,361195,,273088,17098,290186,291324,69871,0,0,9252,158
7,25,131,9,2022,725131,1821612,18484,0,1821612,0,7840,47,1929761,,1566309,11424,1577733,1585151,344610,0,0,47393,4518
7,25,247,9,2022,725247,1213964,19431,0,1213964,0,13698,917,1306589,,991761,27325,1019086,1029017,277572,0,0,34476,480
7,25,256,9,2022,725256,16570256,151307,0,16570256,0,102781,4160,17556709,,13995143,546082,14541225,14663773,2892936,0,0,456741,32593
7,25,326,9,2022,725326,10107367,34095,1137,10108504,0,39835,1059,10523746,,8348213,2782,8350995,8539385,1984361,0,0,288792,19069
7,25,429,9,2022,725429,1489847,20065,0,1489847,0,1064,0,1583285,,1255015,19378,1274393,1281711,301574,0,0,46575,348
7,25,450,9,2022,725450,3948074,47905,0,3952577,0,8375,0,4140152,,3370695,70865,3441560,3454252,685900,0,4503,105723,0
7,25,457,9,2022,725457,12672584,126345,0,13512777,0,51237,10601,14163963,,11157382,547108,11704490,11783542,2380421,0,840193,364173,23935
7,25,466,9,2022,725466,645422,8698,0,645422,0,0,0,674818,,484615,51483,536098,541166,133652,0,0,12838,153
7,25,488,9,2022,725488,899307,12451,0,899307,0,1644,0,946240,,709843,30009,739852,745457,200783,0,0,23581,278
7,25,646,9,2022,725646,262050,4019,0,262050,0,1096,0,280623,,205782,2008,207790,210155,70468,0,0,7386,108
7,25,676,9,2022,725676,1382796,17709,0,1382796,0,2189,0,1460441,,1096090,42479,1138569,1142966,317475,0,0,39848,2109
7,25,715,9,2022,725715,401298,6672,0,401298,5,1028,0,427855,,294912,23838,318750,319907,107948,0,0,11523,170
7,25,818,9,2022,725818,2094412,30342,0,2094412,0,3694,0,2213949,,1778667,28649,1807316,1826303,387646,0,0,55520,554
7,25,839,9,2022,725839,2508803,30936,0,2508803,0,6278,0,2657261,,2093944,0,2093944,2106050,551211,0,0,67831,11649
7,25,898,9,2022,725898,14076147,123187,0,14579407,4147,36098,0,15340378,,11464810,592064,12056874,12262312,3078066,0,503260,447057,51420
7,25,940,9,2022,725940,1407996,20872,0,1407996,0,6152,0,1494887,,1173687,23536,1197223,1203216,291671,0,0,35589,1976
7,25,947,9,2022,725947,1917066,21028,0,1917066,0,14081,0,2032745,,1526103,13449,1539552,1555653,477092,0,0,59878,650
7,25,983,9,2022,725983,1263757,20758,0,1263757,0,10142,0,1354509,,1072209,19533,1091742,1099171,255338,0,0,38003,512
8,10,586,9,2022,810586,932167,16174,0,932167,0,2065,0,976777,,819366,2,819368,823283,153494,0,0,16525,218
9,25,0,9,2022,925000,132808416,395975,0,175999347,396,161739,3,178095699,162392663,0,1720142,164112805,167092757,11002942,0,43190931,119120,92657
20,0,2,9,2022,2000002,0,0,0,0,0,0,0,66200,0,0,0,0,53467,12733,0,0,0,0
20,0,4,9,2022,2000004,3640125,0,0,3640125,396,16388,0,3871417,0,2586662,0,2586662,3405652,465765,0,0,0,0
20,0,7,9,2022,2000007,0,0,9641,9641,0,0,0,42734,0,3,0,3,11796,30938,0,0,0,643
20,0,9,9,2022,2000009,0,0,3830,3830,0,0,0,18931,0,0,0,0,6981,11950,0,0,13,207
20,0,11,9,2022,2000011,0,0,1622,1622,0,0,0,3839,0,0,0,0,1943,1896,0,0,0,0
20,0,12,9,2022,2000012,0,0,0,0,0,0,0,35577,0,4457,0,4457,10889,24688,0,0,16,0
