6,10,0,9,2022,610000,10,200000,125000,1100000,20,0,0,0,30,0,0,0,40,0,0,0,50,200000,125000,1100000,60,0,115000,0,70,0,0,0,80,0,0,0,90,0,0,0,100,0,115000,0,110,200000,240000,1100000
6,20,0,9,2022,620000,10,0,0,0,20,0,0,0,30,0,0,0,40,0,0,0,50,0,0,0,60,0,0,0,70,1014,0,0,80,0,0,0,90,0,0,0,100,1014,0,0,110,1014,0,0
6,22,0,9,2022,622000,10,3150000,2613970,1073075,20,0,0,0,30,0,0,0,40,0,0,0,50,3150000,2613970,1073075,60,5900000,888970,678075,70,0,0,0,80,0,0,0,90,290,0,0,100,5900290,888970,678075,110,9050290,3502940,1751150
7,10,56,9,2022,710056,10,0,0,0,20,0,0,0,30,0,0,0,40,0,0,0,50,0,0,0,60,0,0,0,70,0,0,0,80,0,0,0,90,0,0,0,100,0,0,0,110,0,0,0
7,10,261,9,2022,710261,10,0,0,0,20,0,0,0,30,0,0,0,40,0,0,0,50,0,0,0,60,0,0,0,70,0,0,0,80,0,0,0,90,0,0,0,100,0,0,0,110,0,0,0
7,10,269,9,2022,710269,10,0,0,0,20,0,0,0,30,0,0,0,40,0,0,0,50,0,0,0,60,0,0,0,70,0,0,0,80,0,0,0,90,0,0,0,100,0,0,0,110,0,0,0
7,10,398,9,2022,710398,10,0,0,0,20,0,0,0,30,0,0,0,40,0,0,0,50,0,0,0,60,0,0,0,70,0,0,0,80,0,0,0,90,0,0,0,100,0,0,0,110,0,0,0
7,10,549,9,2022,710549,10,0,0,0,20,0,0,0,30,0,0,0,40,0,0,0,50,0,0,0,60,0,0,0,70,0,0,0,80,0,0,0,90,0,0,0,100,0,0,0,110,0,0,0
7,10,551,9,2022,710551,10,0,0,0,20,0,0,0,30,0,0,0,40,0,0,0,50,0,0,0,60,0,0,0,70,0,0,0,80,0,0,0,90,0,0,0,100,0,0,0,110,0,0,0
7,10,566,9,2022,710566,10,0,0,0,20,0,0,0,30,0,0,0,40,0,0,0,50,0,0,0,60,0,0,0,70,0,0,0,80,0,0,0,90,0,0,0,100,0,0,0,110,0,0,0
7,10,862,9,2022,710862,10,0,0,0,20,0,0,0,30,0,0,0,40,0,0,0,50,0,0,0,60,0,0,0,70,0,0,0,80,0,0,0,90,0,0,0,100,0,0,0,110,0,0,0
7,10,924,9,2022,710924,10,0,0,0,20,0,0,0,30,0,0,0,40,0,0,0,50,0,0,0,60,0,0,0,70,0,0,0,80,0,0,0,90,0,0,0,100,0,0,0,110,0,0,0
7,10,973,9,2022,710973,10,0,0,0,20,0,0,0,30,0,0,0,40,0,0,0,50,0,0,0,60,0,0,0,70,0,0,0,80,0,0,0,90,0,0,0,100,0,0,0,110,0,0,0
7,10,981,9,2022,710981,10,0,0,0,20,0,0,0,30,0,0,0,40,0,0,0,50,0,0,0,60,0,0,0,70,0,0,0,80,0,0,0,90,0,0,0,100,0,0,0,110,0,0,0
7,10,985,9,2022,710985,10,0,0,0,20,0,0,0,30,0,0,0,40,0,0,0,50,0,0,0,60,0,0,0,70,0,0,0,80,0,0,0,90,0,0,0,100,0,0,0,110,0,0,0
7,10,990,9,2022,710990,10,0,0,0,20,0,0,0,30,0,0,0,40,0,0,0,50,0,0,0,60,0,0,0,70,0,0,0,80,0,0,0,90,0,0,0,100,0,0,0,110,0,0,0
7,20,33,9,2022,720033,10,0,0,0,20,0,0,0,30,0,0,0,40,0,0,0,50,0,0,0,60,0,0,0,70,0,0,0,80,0,0,0,90,0,0,0,100,0,0,0,110,0,0,0
7,20,40,9,2022,720040,10,0,0,0,20,0,0,0,30,0,0,0,40,0,0,0,50,0,0,0,60,0,0,0,70,0,0,0,80,0,0,0,90,0,0,0,100,0,0,0,110,0,0,0
7,20,60,9,2022,720060,10,0,0,0,20,0,0,0,30,0,0,0,40,0,0,0,50,0,0,0,60,0,0,0,70,0,0,0,80,0,0,0,90,0,0,0,100,0,0,0,110,0,0,0
7,20,105,9,2022,720105,10,0,0,0,20,0,0,0,30,0,0,0,40,0,0,0,50,0,0,0,60,0,0,0,70,0,0,0,80,0,0,0,90,0,0,0,100,0,0,0,110,0,0,0
7,20,131,9,2022,720131,10,0,0,0,20,0,0,0,30,0,0,0,40,0,0,0,50,0,0,0,60,0,0,0,70,0,0,0,80,0,0,0,90,0,0,0,100,0,0,0,110,0,0,0
7,20,143,9,2022,720143,10,0,0,0,20,0,0,0,30,0,0,0,40,0,0,0,50,0,0,0,60,0,0,0,70,0,0,0,80,0,0,0,90,0,0,0,100,0,0,0,110,0,0,0
7,20,168,9,2022,720168,10,0,0,0,20,0,0,0,30,0,0,0,40,0,0,0,50,0,0,0,60,0,0,0,70,0,0,0,80,0,0,0,90,0,0,0,100,0,0,0,110,0,0,0
7,20,186,9,2022,720186,10,0,0,0,20,0,0,0,30,0,0,0,40,0,0,0,50,0,0,0,60,0,0,0,70,0,0,0,80,0,0,0,90,0,0,0,100,0,0,0,110,0,0,0
7,20,188,9,2022,720188,10,0,0,0,20,0,0,0,30,0,0,0,40,0,0,0,50,0,0,0,60,0,0,0,70,0,0,0,80,0,0,0,90,0,0,0,100,0,0,0,110,0,0,0
7,20,194,9,2022,720194,10,0,0,0,20,0,0,0,30,0,0,0,40,0,0,0,50,0,0,0,60,0,0,0,70,0,0,0,80,0,0,0,90,0,0,0,100,0,0,0,110,0,0,0
7,20,331,9,2022,720331,10,0,0,0,20,0,0,0,30,0,0,0,40,0,0,0,50,0,0,0,60,0,0,0,70,0,0,0,80,0,0,0,90,0,0,0,100,0,0,0,110,0,0,0
7,20,335,9,2022,720335,10,0,0,0,20,0,0,0,30,0,0,0,40,0,0,0,50,0,0,0,60,0,0,0,70,0,0,0,80,0,0,0,90,0,0,0,100,0,0,0,110,0,0,0
7,20,336,9,2022,720336,10,0,0,0,20,0,0,0,30,0,0,0,40,0,0,0,50,0,0,0,60,0,0,0,70,0,0,0,80,0,0,0,90,0,0,0,100,0,0,0,110,0,0,0
7,20,345,9,2022,720345,10,0,0,0,20,0,0,0,30,0,0,0,40,0,0,0,50,0,0,0,60,0,0,0,70,0,0,0,80,0,0,0,90,0,0,0,100,0,0,0,110,0,0,0
7,20,376,9,2022,720376,10,0,0,0,20,0,0,0,30,0,0,0,40,0,0,0,50,0,0,0,60,0,0,0,70,0,0,0,80,0,0,0,90,0,0,0,100,0,0,0,110,0,0,0
7,20,735,9,2022,720735,10,0,0,0,20,0,0,0,30,0,0,0,40,0,0,0,50,0,0,0,60,0,0,0,70,0,0,0,80,0,0,0,90,0,0,0,100,0,0,0,110,0,0,0
7,20,899,9,2022,720899,10,0,0,0,20,0,0,0,30,0,0,0,40,0,0,0,50,0,0,0,60,0,0,0,70,0,0,0,80,0,0,0,90,0,0,0,100,0,0,0,110,0,0,0
7,20,922,9,2022,720922,10,0,0,0,20,0,0,0,30,0,0,0,40,0,0,0,50,0,0,0,60,0,0,0,70,0,0,0,80,0,0,0,90,0,0,0,100,0,0,0,110,0,0,0
7,22,12,9,2022,722012,10,0,0,0,20,0,0,0,30,0,0,0,40,0,0,0,50,0,0,0,60,0,0,0,70,0,0,0,80,0,0,0,90,0,0,0,100,0,0,0,110,0,0,0
7,22,114,9,2022,722114,10,0,0,0,20,0,0,0,30,0,0,0,40,0,0,0,50,0,0,0,60,0,0,0,70,0,0,0,80,0,0,0,90,0,0,0,100,0,0,0,110,0,0,0
7,22,146,9,2022,722146,10,0,0,0,20,0,0,0,30,0,0,0,40,0,0,0,50,0,0,0,60,0,0,0,70,0,0,0,80,0,0,0,90,0,0,0,100,0,0,0,110,0,0,0
7,22,198,9,2022,722198,10,0,0,0,20,0,0,0,30,0,0,0,40,0,0,0,50,0,0,0,60,0,0,0,70,0,0,0,80,0,0,0,90,0,0,0,100,0,0,0,110,0,0,0
7,22,216,9,2022,722216,10,0,0,0,20,0,0,0,30,0,0,0,40,0,0,0,50,0,0,0,60,0,0,0,70,2101,0,0,80,0,0,0,90,0,0,0,100,2101,0,0,110,2101,0,0
7,22,308,9,2022,722308,10,0,0,0,20,0,0,0,30,0,0,0,40,0,0,0,50,0,0,0,60,0,0,0,70,0,0,0,80,0,0,0,90,0,0,0,100,0,0,0,110,0,0,0
7,22,313,9,2022,722313,10,0,0,0,20,0,0,0,30,0,0,0,40,0,0,0,50,0,0,0,60,0,0,0,70,0,0,0,80,0,0,0,90,0,0,0,100,0,0,0,110,0,0,0
7,22,350,9,2022,722350,10,0,0,0,20,0,0,0,30,0,0,0,40,0,0,0,50,0,0,0,60,0,0,0,70,0,0,0,80,0,0,0,90,0,0,0,100,0,0,0,110,0,0,0
7,22,406,9,2022,722406,10,0,0,0,20,0,0,0,30,0,0,0,40,0,0,0,50,0,0,0,60,0,0,0,70,0,0,0,80,0,0,0,90,0,0,0,100,0,0,0,110,0,0,0
7,22,644,9,2022,722644,10,0,0,0,20,0,0,0,30,0,0,0,40,0,0,0,50,0,0,0,60,0,0,0,70,0,0,0,80,0,0,0,90,0,0,0,100,0,0,0,110,0,0,0
7,22,825,9,2022,722825,10,0,0,0,20,0,0,0,30,0,0,0,40,0,0,0,50,0,0,0,60,0,0,0,70,0,0,0,80,0,0,0,90,0,0,0,100,0,0,0,110,0,0,0
7,22,918,9,2022,722918,10,3000,0,0,20,0,0,0,30,0,0,0,40,0,0,0,50,3000,0,0,60,1997,0,0,70,2085,0,0,80,0,0,0,90,0,0,0,100,4082,0,0,110,7082,0,0
7,25,31,9,2022,725031,10,0,0,0,20,0,0,0,30,0,0,0,40,0,0,0,50,0,0,0,60,0,0,0,70,0,0,0,80,0,0,0,90,0,0,0,100,0,0,0,110,0,0,0
7,25,131,9,2022,725131,10,0,0,0,20,0,0,0,30,0,0,0,40,0,0,0,50,0,0,0,60,0,0,0,70,0,0,0,80,0,0,0,90,0,0,0,100,0,0,0,110,0,0,0
7,25,247,9,2022,725247,10,0,0,0,20,0,0,0,30,0,0,0,40,0,0,0,50,0,0,0,60,0,0,0,70,0,0,0,80,0,0,0,90,0,0,0,100,0,0,0,110,0,0,0
7,25,256,9,2022,725256,10,0,0,0,20,0,0,0,30,0,0,0,40,0,0,0,50,0,0,0,60,0,0,0,70,0,0,0,80,0,0,0,90,0,2216,64767,100,0,2216,64767,110,0,2216,64767
7,25,326,9,2022,725326,10,0,0,0,20,0,0,0,30,0,0,0,40,0,0,0,50,0,0,0,60,460000,940000,0,70,0,0,0,80,0,0,0,90,0,0,0,100,460000,940000,0,110,460000,940000,0
7,25,429,9,2022,725429,10,0,0,0,20,0,0,0,30,0,0,0,40,0,0,0,50,0,0,0,60,0,0,0,70,0,0,0,80,0,0,0,90,0,0,0,100,0,0,0,110,0,0,0
7,25,450,9,2022,725450,10,0,0,0,20,0,0,0,30,0,0,0,40,0,0,0,50,0,0,0,60,0,0,0,70,0,0,0,80,0,0,0,90,0,0,0,100,0,0,0,110,0,0,0
7,25,457,9,2022,725457,10,0,0,0,20,0,0,0,30,0,0,0,40,0,0,0,50,0,0,0,60,0,0,0,70,0,0,0,80,0,0,0,90,0,0,0,100,0,0,0,110,0,0,0
7,25,466,9,2022,725466,10,0,0,0,20,0,0,0,30,0,0,0,40,0,0,0,50,0,0,0,60,0,0,0,70,0,0,0,80,0,0,0,90,0,0,0,100,0,0,0,110,0,0,0
7,25,488,9,2022,725488,10,0,0,0,20,0,0,0,30,0,0,0,40,0,0,0,50,0,0,0,60,0,0,0,70,0,0,0,80,0,0,0,90,0,0,0,100,0,0,0,110,0,0,0
7,25,646,9,2022,725646,10,0,0,0,20,0,0,0,30,0,0,0,40,0,0,0,50,0,0,0,60,0,0,0,70,0,0,0,80,0,0,0,90,0,0,0,100,0,0,0,110,0,0,0
7,25,676,9,2022,725676,10,0,0,0,20,0,0,0,30,0,0,0,40,0,0,0,50,0,0,0,60,0,0,0,70,0,0,0,80,0,0,0,90,0,0,0,100,0,0,0,110,0,0,0
7,25,715,9,2022,725715,10,0,0,0,20,0,0,0,30,0,0,0,40,0,0,0,50,0,0,0,60,0,0,0,70,0,0,0,80,0,0,0,90,0,0,0,100,0,0,0,110,0,0,0
7,25,818,9,2022,725818,10,0,0,0,20,0,0,0,30,0,0,0,40,0,0,0,50,0,0,0,60,0,0,0,70,0,0,0,80,0,0,0,90,0,0,0,100,0,0,0,110,0,0,0
7,25,839,9,2022,725839,10,0,0,0,20,0,0,0,30,0,0,0,40,0,0,0,50,0,0,0,60,0,0,0,70,0,0,0,80,0,0,0,90,0,0,0,100,0,0,0,110,0,0,0
7,25,898,9,2022,725898,10,0,0,0,20,0,0,0,30,0,0,0,40,0,0,0,50,0,0,0,60,191000,47000,0,70,0,0,0,80,0,0,0,90,0,0,0,100,191000,47000,0,110,191000,47000,0
7,25,940,9,2022,725940,10,0,0,0,20,0,0,0,30,0,0,0,40,0,0,0,50,0,0,0,60,0,0,0,70,0,0,0,80,0,0,0,90,0,0,0,100,0,0,0,110,0,0,0
7,25,947,9,2022,725947,10,0,0,0,20,0,0,0,30,0,0,0,40,0,0,0,50,0,0,0,60,0,0,0,70,0,0,0,80,0,0,0,90,0,0,0,100,0,0,0,110,0,0,0
7,25,983,9,2022,725983,10,0,0,0,20,0,0,0,30,0,0,0,40,0,0,0,50,0,0,0,60,0,0,0,70,0,0,0,80,0,0,0,90,0,0,0,100,0,0,0,110,0,0,0
8,10,586,9,2022,810586,10,0,0,0,20,0,0,0,30,0,0,0,40,0,0,0,50,0,0,0,60,0,0,0,70,0,0,0,80,0,0,0,90,0,0,0,100,0,0,0,110,0,0,0
9,25,0,9,2022,925000,10,41006254,14001491,2993957,20,0,0,0,30,0,0,0,40,0,0,0,50,41006254,14001491,2993957,60,2910399,9627740,9767351,70,103352,0,0,80,0,2216,64767,90,0,0,0,100,3013751,9629956,9832118,110,44020005,23631447,12826075
20,0,2,9,2022,2000002,10,0,0,0,20,0,0,0,30,0,0,0,40,0,0,0,50,0,0,0,60,0,0,0,70,0,0,0,80,0,0,0,90,0,0,0,100,0,0,0,110,0,0,0
20,0,4,9,2022,2000004,10,0,0,0,20,0,0,0,30,0,0,0,40,0,0,0,50,0,0,0,60,0,0,0,70,0,0,0,80,0,0,0,90,0,0,0,100,0,0,0,110,0,0,0
20,0,7,9,2022,2000007,10,0,0,0,20,0,0,0,30,0,0,0,40,0,0,0,50,0,0,0,60,0,0,0,70,0,0,0,80,0,0,0,90,0,0,0,100,0,0,0,110,0,0,0
20,0,9,9,2022,2000009,10,0,0,0,20,0,0,0,30,0,0,0,40,0,0,0,50,0,0,0,60,0,0,0,70,0,0,0,80,0,0,0,90,0,0,0,100,0,0,0,110,0,0,0
20,0,11,9,2022,2000011,10,0,0,0,20,0,0,0,30,0,0,0,40,0,0,0,50,0,0,0,60,0,0,0,70,0,0,0,80,0,0,0,90,0,0,0,100,0,0,0,110,0,0,0
20,0,12,9,2022,2000012,10,0,0,0,20,0,0,0,30,0,0,0,40,0,0,0,50,0,0,0,60,0,0,0,70,0,0,0,80,0,0,0,90,0,0,0,100,0,0,0,110,0,0,0
