6,10,0,9,2022,610000,27663917,1950509,2977228,140251,0,0,0,214266,4221005,712180,0,16857,0,0,33424,27962705,14,2,0
6,20,0,9,2022,620000,29853422,10236343,5342986,150467,10,1720,50,319821,12582783,2336490,0,2521,0,281,1381,30981363,18,5,210
6,22,0,9,2022,622000,124981067,56565643,2312163,451725,112544,521,0,3393,54785525,0,112544,2791,0,0,0,129526196,13,15,0
7,10,56,9,2022,710056,362338,56618,41515,0,12118,0,0,619,68299,0,12118,1471,0,0,18429,372891,317,86,0
7,10,261,9,2022,710261,2201611,194250,36288,37,33597,248,0,0,220300,28841,0,3849,0,0,30104,2182937,4162,557,0
7,10,269,9,2022,710269,2635963,397034,377708,180,67284,0,0,-12124,656330,51412,67284,3051,0,0,19270,2668698,2582,896,0
7,10,398,9,2022,710398,2458097,76999,116522,0,1092,0,0,8288,152719,0,1092,396,0,0,35473,2471318,5576,285,0
7,10,549,9,2022,710549,639202,54154,21463,0,0,0,0,13429,61375,10911,0,1650,0,0,12388,641924,1425,55,0
7,10,551,9,2022,710551,667444,27604,3273,3,291,0,0,4922,29239,0,291,0,0,0,6246,667761,2395,328,0
7,10,566,9,2022,710566,11067910,1208650,790350,0,0,0,0,12641,1230734,463852,0,1875,0,0,0,11383090,21783,3058,16201
7,10,862,9,2022,710862,364440,13063,13009,1,115,0,0,5065,22468,0,115,1264,0,0,13834,358012,1115,113,0
7,10,924,9,2022,710924,1016972,73584,6870,3,2047,0,0,1807,59297,16300,2047,303,0,0,3192,1020144,2691,325,0
7,10,973,9,2022,710973,945437,40368,7734,0,0,0,0,5372,36960,120,0,0,0,0,3281,958550,2697,227,0
7,10,981,9,2022,710981,1320328,88727,21012,0,9873,409,0,0,67054,731,0,160,0,0,11711,1360693,3993,187,0
7,10,985,9,2022,710985,1079780,72810,26143,0,0,28,0,8565,49069,7009,0,1377,0,0,24162,1105709,3169,316,0
7,10,990,9,2022,710990,1262488,98586,38389,2,5910,0,0,12524,99233,10180,0,0,0,0,13879,1294607,3874,714,0
7,20,33,9,2022,720033,2943728,1823669,52286,28,4990,0,0,4014,311008,1493244,4990,1514,0,0,3981,3013978,10799,949,0
7,20,40,9,2022,720040,684439,64383,0,15,5173,0,0,16,58229,10951,5173,55,0,0,53,679565,3810,150,4082
7,20,60,9,2022,720060,170730,2635,33273,1,1635,0,0,189,32281,0,1635,315,0,0,201,174031,394,113,0
7,20,105,9,2022,720105,1128168,337550,95332,47,4856,51,0,496,147360,266504,4856,1388,0,0,458,1145934,2371,156,0
7,20,131,9,2022,720131,608482,55005,30404,36,5708,0,0,92,67747,7912,5708,426,0,0,86,617848,1808,211,0
7,20,143,9,2022,720143,747554,65806,50196,3,1094,0,0,388,87030,0,1094,0,0,0,431,776486,5026,739,5457
7,20,168,9,2022,720168,625127,94063,54344,30,3361,0,0,148,63218,37144,3361,210,0,0,170,672970,1428,83,2304
7,20,186,9,2022,720186,330917,36915,16093,0,0,0,0,375,31218,1633,0,16,0,0,259,351174,1268,245,4761
7,20,188,9,2022,720188,775186,182111,75003,19,6309,0,0,556,104687,135332,6309,179,0,0,562,792115,1261,399,3561
7,20,194,9,2022,720194,2056000,117980,31954,62,23759,485,0,1533,123271,16365,23759,1735,0,0,2159,2064484,10844,783,16053
7,20,331,9,2022,720331,1825363,341693,54238,130,9475,537,0,2815,210112,153924,9475,591,0,0,1921,1858228,10647,1377,41754
7,20,335,9,2022,720335,1327608,183599,35672,54,16789,0,0,19174,127650,50748,16789,0,0,0,18650,1369059,3470,456,0
7,20,336,9,2022,720336,1217439,159359,30621,24,3726,0,0,1341,100788,58184,3726,12,0,0,1243,1248557,4863,258,0
7,20,345,9,2022,720345,3084305,1670164,614524,163,29192,0,0,2734277,1854711,274265,29192,427,0,0,114171,5859859,20407,2081,9145
7,20,376,9,2022,720376,1403730,240742,172245,29,14160,0,0,1055,227638,131808,14160,177,0,0,1899,1456279,2191,726,6365
7,20,735,9,2022,720735,2043952,635555,4562,152,26987,687,0,1458,135881,473377,26987,3661,0,0,4999,2068448,10408,2359,59269
7,20,899,9,2022,720899,2657629,692453,106903,50,100677,105,0,1828,407841,303548,100677,1653,0,0,3443,2742483,6388,1422,0
7,20,922,9,2022,720922,536011,67303,19076,33,4806,0,0,131,73017,3915,4806,198,0,0,149,545275,3404,2774,3665
7,22,12,9,2022,722012,11720941,1070699,1147635,1556,573950,935,0,5326,1510695,205793,586613,12724,0,0,11824,12193393,24341,3202,0
7,22,114,9,2022,722114,1423849,87656,179466,0,49245,0,0,2204,248717,9940,48247,2395,0,0,2260,1430861,2167,211,0
7,22,146,9,2022,722146,4809203,450194,448210,7,136675,0,0,2288,734850,0,140664,3659,0,0,2694,4964710,16388,2183,0
7,22,198,9,2022,722198,35824356,6200143,7063338,0,437285,167,0,0,11860867,470396,437285,1681,0,0,0,36755060,96124,10782,0
7,22,216,9,2022,722216,11024558,1701337,2515169,858,243485,0,0,10557,2474147,1628359,235940,14594,0,0,5341,11137583,22606,2348,0
7,22,308,9,2022,722308,1170888,232574,19989,0,38769,0,0,533,96639,71628,39377,0,0,0,0,1255109,1948,58,0
7,22,313,9,2022,722313,1716555,106811,174145,13,56897,0,0,2748,205088,5303,56360,7618,0,0,2790,1780010,12072,164,0
7,22,350,9,2022,722350,2096605,250074,167966,2,110853,836,0,5261,268472,25892,110831,5963,0,0,6244,2214195,3590,123,0
7,22,406,9,2022,722406,852673,145164,13491,0,53813,0,0,11604,58177,4843,53789,0,0,0,11726,948210,1741,16,0
7,22,644,9,2022,722644,5597259,483785,435473,65,263400,25,0,786,733404,60775,258291,4418,0,0,843,5723062,12649,1759,0
7,22,825,9,2022,722825,27408205,2222272,1920719,2835,752262,3815,0,3801,2872618,319778,757802,9729,0,103,13142,28340737,74845,10619,0
7,22,918,9,2022,722918,24647165,4691217,3765255,25,903697,11563,0,29457,4468949,3414331,916640,30908,0,0,7481,25210070,62267,10992,32409
7,25,31,9,2022,725031,332521,52757,4332,11,2936,0,0,0,43692,2748,2937,0,0,0,0,343180,528,16,0
7,25,131,9,2022,725131,1798159,160651,184906,88,12254,252,0,91027,298239,4835,12254,3593,0,0,92075,1836341,3747,9,0
7,25,247,9,2022,725247,1201996,51103,16739,68,52496,0,0,0,29466,0,52496,838,0,0,0,1239602,1466,121,0
7,25,256,9,2022,725256,16400750,2194527,1752667,4427,136333,0,0,0,2196998,1307020,136333,14473,0,0,0,16833880,10610,199,0
7,25,326,9,2022,725326,10062922,1026193,1244989,361,112453,662,0,23757,1089069,1059761,112349,559,0,0,18558,10191041,16895,1436,673
7,25,429,9,2022,725429,1475115,737352,171890,12,209620,0,0,4014,500179,386375,209619,0,0,0,3991,1497839,1672,26,0
7,25,450,9,2022,725450,3868470,606116,91884,0,90453,0,0,0,520826,16063,90453,148,0,0,0,4029433,1510,3571,0
7,25,457,9,2022,725457,12553056,4361594,1934917,0,126815,15,0,11589,3721251,2276494,126815,6424,0,0,0,12857002,4494,469,0
7,25,466,9,2022,725466,624747,69515,76256,54,6051,0,0,647,103680,13619,6051,0,0,0,444,653476,409,40,0
7,25,488,9,2022,725488,877073,139596,139914,0,4142,104,0,1776,237808,4514,4142,2558,0,0,4698,908885,748,14,0
7,25,646,9,2022,725646,256129,33444,30804,43,5979,0,0,875,45935,6371,5979,0,0,0,1352,267637,427,0,0
7,25,676,9,2022,725676,1373087,662297,380664,0,27096,0,0,884,611802,397325,27096,0,0,0,893,1406912,631,5,0
7,25,715,9,2022,725715,404282,115478,25730,184,29731,0,0,2344,125174,15116,29731,1745,0,0,2135,403848,656,0,0
7,25,818,9,2022,725818,2084693,423136,116440,238,56154,0,0,1099,288735,222085,56154,6148,0,112,1808,2106718,1276,25,0
7,25,839,9,2022,725839,2445149,307142,842286,0,46702,103,0,0,1031861,0,46702,700,0,0,0,2562119,9230,920,0
7,25,898,9,2022,725898,13983451,6614705,1598588,0,613211,137,0,4932,6490690,1483122,613211,2906,0,0,4346,14220749,12670,855,0
7,25,940,9,2022,725940,1385284,131083,163254,39,8672,3478,0,4212,261255,0,8672,4604,0,0,4537,1416954,1679,10,0
7,25,947,9,2022,725947,1886369,541865,572175,1204,70236,0,0,24624,615737,421159,70236,2618,0,0,21467,1965256,1044,78,0
7,25,983,9,2022,725983,1247189,243894,68109,0,17237,0,0,6628,268414,4378,17237,1262,0,0,6394,1285372,2390,20,0
8,10,586,9,2022,810586,931606,44674,39102,0,0,0,0,3945,40533,4949,0,127,0,0,32005,941713,1165,207,0
9,25,0,9,2022,925000,135101545,131502466,5768289,0,26806626,12356,0,0,128691982,9911364,26806626,35390,0,0,0,133745920,1674,921,0
20,0,2,9,2022,2000002,0,0,0,0,0,0,0,0,0,0,0,0,0,0,0,0,0,0,0
20,0,4,9,2022,2000004,3695185,287671,17307,0,0,0,0,0,287820,76870,0,2679,0,0,0,3632794,1,0,0
20,0,7,9,2022,2000007,0,0,0,0,0,0,0,0,0,0,0,0,0,0,0,0,0,0,0
20,0,9,9,2022,2000009,0,0,0,0,0,0,0,0,0,0,0,0,0,0,0,0,0,0,0
20,0,11,9,2022,2000011,0,0,0,0,0,0,0,0,0,0,0,0,0,0,0,0,0,0,0
20,0,12,9,2022,2000012,0,0,0,0,0,0,0,0,0,0,0,0,0,0,0,0,0,0,0
