6,10,0,9,2022,610000,1323342,1343892,750000,750000,2073342,2093892,11812,13039,2085154,2106931,2073342,2093892,15210489,15433533,15200515,15422287,847097,868005,35307559,35171946,0,0
6,20,0,9,2022,620000,2449666,2481297,0,0,2449666,2481297,21883,22651,2471549,2503948,2449666,2481297,15944306,16477018,15922915,16454889,2150122,2181754,41070992,41668533,0,0
6,22,0,9,2022,622000,7363670,7483694,250000,250000,7613670,7733694,34087,34130,7647757,7767824,7612343,7732367,44637485,45935414,44603060,45899957,3317684,3375307,148759024,151832389,0,0
7,10,56,9,2022,710056,43651,43720,0,0,43651,43720,1054,1110,44705,44830,43651,43720,359150,362261,358138,361196,43231,43300,379426,379029,0,0
7,10,261,9,2022,710261,225249,228028,0,0,225249,228028,3272,3024,228521,231052,225249,228028,1976082,1862527,1973011,1859669,166136,168932,2237597,2234084,0,0
7,10,269,9,2022,710269,269649,270480,80000,80000,349649,350480,24054,11632,373703,362112,360081,350480,2762271,2801244,2747188,2791828,245450,246284,2858812,2851122,0,0
7,10,398,9,2022,710398,377075,381277,0,0,377075,381277,6362,6362,383437,387639,377075,381277,2510446,2524179,2504178,2517931,371174,375404,2486264,2484030,0,0
7,10,549,9,2022,710549,115402,116686,0,0,115402,116686,2055,1902,117457,118588,115402,116686,684416,689724,682628,688044,113346,114636,656277,657767,0,0
7,10,551,9,2022,710551,86993,86910,0,0,86993,86910,5574,5577,92567,92487,86993,86910,650621,656378,645147,650901,84316,84236,668067,667514,0,0
7,10,566,9,2022,710566,1403304,1366153,200000,200000,1603304,1566153,22805,26708,1626109,1592861,1603304,1566153,12037334,12250505,12014871,12224151,573547,594225,11388892,11372490,0,0
7,10,862,9,2022,710862,59163,59472,0,0,59163,59472,1461,1449,60624,60921,59163,59472,332979,332326,331518,330877,57958,58267,369945,370786,0,0
7,10,924,9,2022,710924,163286,164992,0,0,163286,164992,6870,6738,170156,171730,163286,164992,1076731,1077344,1070048,1070775,160304,162013,1040484,1039655,0,0
7,10,973,9,2022,710973,141363,142683,0,0,141363,142683,1351,1351,142714,144034,141363,142683,983317,993765,982005,992453,137455,138749,969620,969176,0,0
7,10,981,9,2022,710981,186072,187775,0,0,186072,187775,1699,1785,187771,189560,186072,187775,1336206,1363187,1334570,1361474,118452,120120,1368514,1368856,0,0
7,10,985,9,2022,710985,125793,127305,0,0,125793,127305,3250,3104,129043,130409,125793,127305,1074934,1096368,1071737,1093336,122300,123799,1117918,1116786,0,0
7,10,990,9,2022,710990,200905,202749,0,0,200905,202749,8750,8618,209655,211367,200905,202749,1316305,1334621,1307650,1326121,196405,198243,1294644,1297865,0,0
7,20,33,9,2022,720033,511999,516544,0,0,511999,516544,20702,20653,532701,537197,513108,517779,3105972,3134476,3085270,3113823,333467,338020,3020598,3044468,0,0
7,20,40,9,2022,720040,118117,118736,0,0,118117,118736,4469,4411,122586,123147,118227,118845,637385,638330,632916,633919,113840,114446,688346,689679,0,0
7,20,60,9,2022,720060,54211,53678,0,0,54211,53678,1353,1440,55564,55118,54211,53678,175531,177484,174310,176199,53718,53183,182056,183332,0,0
7,20,105,9,2022,720105,228081,228448,0,0,228081,228448,8446,8812,236527,237260,228081,228448,1213749,1220375,1205303,1211563,225491,225857,1154475,1161941,0,0
7,20,131,9,2022,720131,103738,103808,0,0,103738,103808,7600,7680,111338,111488,103738,103808,603250,609261,596191,602139,65449,65526,630979,633697,4752,5152
7,20,143,9,2022,720143,195404,197635,0,0,195404,197635,2648,788,198052,198423,195404,197635,832826,845400,830384,844668,189817,192039,775281,789021,0,0
7,20,168,9,2022,720168,102320,102425,0,0,102320,102425,5230,5240,107550,107665,102320,102425,640355,660485,635732,655852,100710,100851,674178,695266,0,0
7,20,186,9,2022,720186,85665,85903,0,0,85665,85903,4382,4532,90047,90435,85665,85903,349932,362143,345572,357632,84245,84468,338643,351488,590,440
7,20,188,9,2022,720188,126259,125483,0,0,126259,125483,3085,3123,129344,128606,126259,125483,773258,746089,770173,742966,109079,108601,800351,809224,0,0
7,20,194,9,2022,720194,454146,455062,0,0,454146,455062,18308,18154,472454,473216,454146,455062,2162210,2169430,2143902,2151275,443222,444162,2092022,2097556,0,0
7,20,331,9,2022,720331,361265,363064,0,0,361265,363064,5605,5396,366870,368460,361265,363064,1842308,1863913,1837201,1858960,350576,352405,1878006,1907225,0,0
7,20,335,9,2022,720335,262011,262466,0,0,262011,262466,13516,13079,275527,275545,302393,302738,1359391,1377056,1345875,1363977,257846,258277,1395093,1407981,0,0
7,20,336,9,2022,720336,263998,264617,0,0,263998,264617,5784,5809,269782,270426,263998,264617,1276230,1284177,1270446,1278368,202687,203304,1267010,1276852,0,0
7,20,345,9,2022,720345,1062530,1046779,0,0,1062530,1046779,25364,24800,1087894,1071579,1062530,1046779,6312470,6400447,6289166,6377139,1040738,1025250,5852234,5945451,0,0
7,20,376,9,2022,720376,321437,322129,0,0,321437,322129,9451,8851,330888,330980,321437,322129,1625693,1654555,1616710,1646190,262107,262819,1438668,1470076,0,0
7,20,735,9,2022,720735,331403,334957,0,0,331403,334957,118250,117191,449653,452148,432618,436148,2050828,2060505,2034071,2044758,320205,323736,2100176,2111323,0,0
7,20,899,9,2022,720899,426650,427749,0,0,426650,427749,6773,7716,433423,435465,436231,436537,2140205,2171485,2133432,2163769,418584,419666,2740058,2798008,0,0
7,20,922,9,2022,720922,104417,107392,0,0,104417,107392,8445,5534,112862,112926,107351,110331,551900,562853,545054,558930,102474,105454,552538,562002,0,0
7,22,12,9,2022,722012,1973577,1989144,0,0,1973577,1989144,40555,38843,2014132,2027987,1973692,1989238,12846464,13150459,12806024,13111710,1947768,1963266,12124769,12407478,0,0
7,22,114,9,2022,722114,302121,302929,0,0,302121,302929,2847,3696,304968,306625,302120,302929,1695651,1693880,1692803,1690184,300056,300872,1478615,1474375,0,0
7,22,146,9,2022,722146,1001154,1003184,0,0,1001154,1003184,7512,8506,1008666,1011690,1001334,1003338,5509786,5629759,5502454,5621406,993233,995251,5034997,5167501,0,0
7,22,198,9,2022,722198,6203120,6299790,0,0,6203120,6299790,72958,74000,6276078,6373790,6203120,6299790,41254117,42030155,41193213,41973155,6203120,6299790,37190625,37515948,0,0
7,22,216,9,2022,722216,2193656,2205390,0,0,2193656,2205390,27395,30048,2221051,2235438,2193656,2205390,13091923,13197000,13068916,13168609,2193655,2205390,11346982,11424243,0,0
7,22,308,9,2022,722308,237995,239433,0,0,237995,239433,2332,2608,240327,242041,237996,239433,1347079,1378599,1344748,1375991,236039,237480,1264074,1295320,0,0
7,22,313,9,2022,722313,322953,324498,0,0,322953,324498,2421,3446,325374,327944,322953,324498,1791995,1829219,1789647,1825857,316811,318347,1794338,1826285,0,0
7,22,350,9,2022,722350,365916,364023,0,0,365916,364023,9966,11765,375882,375788,365917,364023,2369484,2411177,2359633,2399516,362414,360517,2215457,2255545,0,0
7,22,406,9,2022,722406,171878,172596,0,0,171878,172596,1229,1172,173107,173768,171879,172596,964844,996955,963736,995903,170188,170911,958690,998058,0,0
7,22,644,9,2022,722644,959650,967659,0,0,959650,967659,16836,16822,976486,984481,959653,967662,6150010,6238715,6133177,6221896,947276,955298,5787805,5870091,0,0
7,22,825,9,2022,722825,4694120,4736892,0,0,4694120,4736892,71080,65201,4765200,4802093,4694161,4736930,28173690,28780377,28110708,28723894,4612688,4655259,29468739,30293593,0,0
7,22,918,9,2022,722918,3688599,3702086,200000,200000,3888599,3902086,269972,273767,4158571,4175853,4123201,4136657,27190187,27585544,27135422,27526953,3432734,3447307,26882027,27279147,0,0
7,25,31,9,2022,725031,58287,58867,0,0,58287,58867,1554,1591,59841,60458,59954,60557,353514,355111,353695,355281,57770,58347,349611,351747,0,0
7,25,131,9,2022,725131,293043,296292,0,0,293043,296292,4752,4234,297795,300526,293043,296292,1973673,1992023,1969579,1988341,289293,292569,1878131,1895974,0,0
7,25,247,9,2022,725247,245421,248072,0,0,245421,248072,1899,2063,247320,250135,245421,248072,1372103,1404608,1370204,1402545,243909,246567,1269139,1297560,0,0
7,25,256,9,2022,725256,2044849,2061339,300000,300000,2344849,2361339,239211,246652,2584060,2607991,2592118,2608176,19471432,19833399,19483093,19837597,2034161,2050678,16991981,17302214,0,0
7,25,326,9,2022,725326,1808602,1821799,0,0,1808602,1821799,60429,56554,1869031,1878353,1776078,1779925,11030477,11145538,10947900,11057764,1790406,1803543,10207808,10315158,0,0
7,25,429,9,2022,725429,247891,250695,0,0,247891,250695,2860,2781,250751,253476,250284,253083,1630461,1650861,1628178,1648762,246115,248924,1531996,1565644,0,0
7,25,450,9,2022,725450,569851,577136,0,0,569851,577136,13244,13381,583095,590517,569851,577136,4207176,4126703,4195542,4114769,567892,662676,4024102,4116728,0,0
7,25,457,9,2022,725457,2008648,1939750,0,0,2008648,1939750,73689,72796,2082337,2012546,2008648,1985478,14418176,14215118,14344487,14142322,2003737,1934833,13762854,0,0,0
7,25,466,9,2022,725466,122201,123244,0,0,122201,123244,2541,2700,124742,125944,122201,123244,776342,794234,774137,791903,121660,122704,660699,672473,0,0
7,25,488,9,2022,725488,175691,177778,0,0,175691,177778,1939,1559,177630,179337,175691,177778,1022148,1040175,1020465,1038856,174863,176956,920732,935062,0,0
7,25,646,9,2022,725646,62740,62770,0,0,62740,62770,533,558,63273,63328,62740,62770,264800,270256,264336,269758,62283,62311,272706,279877,0,0
7,25,676,9,2022,725676,273543,273587,0,0,273543,273587,7436,7299,280979,280886,273543,273587,1613997,1658426,1606891,1651596,272787,272828,1416509,1447512,0,0
7,25,715,9,2022,725715,95628,96490,0,0,95628,96490,1536,1625,97164,98115,95628,96490,428128,432934,426915,431586,94898,95759,415535,420551,0,0
7,25,818,9,2022,725818,326518,327951,0,0,326518,327951,4745,5876,331263,333827,326518,327951,2344639,2374033,2340273,2368558,325033,326475,2152879,2172199,0,0
7,25,839,9,2022,725839,477951,484391,0,0,477951,484391,4436,4900,482387,489291,477951,484391,2919662,3000234,2916230,2996734,477951,484391,2583982,2634703,0,0
7,25,898,9,2022,725898,2727061,2753517,0,0,2727061,2753517,79120,81000,2806181,2834517,2730159,2756832,15778376,15930984,15719365,15871299,2727061,2753516,14832506,15042494,0,0
7,25,940,9,2022,725940,252115,252919,0,0,252115,252919,3432,4304,255547,257223,252891,253695,1522932,1539094,1520086,1535336,250293,251096,1456107,1475935,0,0
7,25,947,9,2022,725947,412788,415000,0,0,412788,415000,10435,11396,423223,426396,412788,415000,2051469,2121305,2041889,2111138,411565,413777,1968241,2026336,0,0
7,25,983,9,2022,725983,214676,216042,0,0,214676,216042,2317,2259,216993,218301,214676,216042,1221026,1246525,1219412,1244949,212241,213603,1313686,1336369,0,0
8,10,586,9,2022,810586,134327,136489,0,0,134327,136489,2454,2442,136781,138931,134327,136489,970293,980896,967896,978530,132085,134230,957649,956376,0,0
9,25,0,9,2022,925000,10637526,10765584,1819602,2032645,12457128,12798229,830172,807141,13287300,13605370,12485546,12827707,88992937,89191488,88300505,88564636,5637522,5716316,177853771,182756967,0,0
20,0,2,9,2022,2000002,0,0,0,0,0,0,0,0,0,0,0,0,0,0,0,0,0,0,66200,0,0,0
20,0,4,9,2022,2000004,0,0,0,0,0,0,0,0,0,0,0,0,0,0,0,0,0,0,0,0,0,0
20,0,7,9,2022,2000007,0,0,0,0,0,0,0,0,0,0,0,0,0,0,0,0,0,0,42734,0,0,0
20,0,9,9,2022,2000009,0,0,0,0,0,0,0,0,0,0,0,0,0,0,0,0,0,0,18931,0,0,0
20,0,11,9,2022,2000011,0,0,0,0,0,0,0,0,0,0,0,0,0,0,0,0,0,0,3839,0,0,0
20,0,12,9,2022,2000012,0,0,0,0,0,0,0,0,0,0,0,0,0,0,0,0,0,0,35577,0,0,0
