6,10,0,9,2022,610000,476245,0,1006786,750000,0,0,750000,0,1756786,2233031,0,0,159472,217,0,0,0,159689,2073342
6,20,0,9,2022,620000,299544,63668,2167459,0,0,0,0,0,2231127,2530671,0,0,33257,47748,0,0,0,81005,2449666
6,22,0,9,2022,622000,4045986,0,3328325,250000,0,0,250000,0,3578325,7624311,0,0,1327,10641,0,0,0,11968,7612343
7,10,56,9,2022,710056,420,0,53571,0,0,0,0,0,53571,53991,0,0,2409,6034,0,0,1897,10340,43651
7,10,261,9,2022,710261,124050,47596,86310,0,0,0,0,0,133906,257956,0,0,11022,19905,0,0,1780,32707,225249
7,10,269,9,2022,710269,61830,72711,178513,80000,17632,0,97632,0,348856,410686,0,0,10801,32604,3600,0,3600,50605,360081
7,10,398,9,2022,710398,71635,91344,248605,0,0,0,0,0,339949,411584,0,0,1,34508,0,0,0,34509,377075
7,10,549,9,2022,710549,2056,0,123156,0,0,0,0,0,123156,125212,0,0,0,9810,0,0,0,9810,115402
7,10,551,9,2022,710551,2677,0,95355,0,0,0,0,0,95355,98032,0,0,0,11039,0,0,0,11039,86993
7,10,566,9,2022,710566,829757,0,734381,200000,0,0,200000,0,934381,1764138,0,0,10281,149096,0,0,1457,160834,1603304
7,10,862,9,2022,710862,22182,0,42174,0,0,0,0,0,42174,64356,0,0,0,5193,0,0,0,5193,59163
7,10,924,9,2022,710924,2982,0,176276,0,0,0,0,0,176276,179258,0,0,0,15972,0,0,0,15972,163286
7,10,973,9,2022,710973,3908,0,152145,0,0,0,0,0,152145,156053,0,0,0,14690,0,0,0,14690,141363
7,10,981,9,2022,710981,109160,10239,87809,0,0,0,0,0,98048,207208,0,0,2148,18988,0,0,0,21136,186072
7,10,985,9,2022,710985,3493,0,140427,0,0,0,0,0,140427,143920,0,0,0,18127,0,0,0,18127,125793
7,10,990,9,2022,710990,4500,0,216560,0,0,0,0,0,216560,221060,0,0,0,20155,0,0,0,20155,200905
7,20,33,9,2022,720033,309565,0,276548,0,0,0,0,0,276548,586113,0,0,20002,44161,0,0,8842,73005,513108
7,20,40,9,2022,720040,91053,0,36025,0,0,0,0,0,36025,127078,0,0,5193,1239,0,0,2419,8851,118227
7,20,60,9,2022,720060,493,0,55396,0,0,0,0,0,55396,55889,0,0,0,1164,0,0,514,1678,54211
7,20,105,9,2022,720105,122823,0,120198,0,0,0,0,0,120198,243021,0,0,5039,3853,0,0,6048,14940,228081
7,20,131,9,2022,720131,72417,0,38228,0,0,0,0,0,38228,110645,0,0,2281,2773,0,0,1853,6907,103738
7,20,143,9,2022,720143,5587,0,197530,0,0,0,0,0,197530,203117,0,0,911,4785,0,0,2017,7713,195404
7,20,168,9,2022,720168,11317,0,107205,0,0,0,0,0,107205,118522,0,0,3103,8677,0,0,4422,16202,102320
7,20,186,9,2022,720186,37840,0,51587,0,0,0,0,0,51587,89427,0,0,2315,323,0,0,1124,3762,85665
7,20,188,9,2022,720188,19332,0,116871,0,0,0,0,0,116871,136203,0,0,2926,3608,0,0,3410,9944,126259
7,20,194,9,2022,720194,103492,0,372392,0,0,0,0,0,372392,475884,0,0,5036,10785,0,0,5917,21738,454146
7,20,331,9,2022,720331,215150,0,167630,0,0,0,0,0,167630,382780,0,0,12863,2703,0,0,5949,21515,361265
7,20,335,9,2022,720335,190822,0,85625,0,0,40382,40382,0,126007,316829,0,0,6990,3260,0,0,4186,14436,302393
7,20,336,9,2022,720336,61311,0,215897,0,0,0,0,0,215897,277208,0,0,7880,990,0,0,4340,13210,263998
7,20,345,9,2022,720345,590309,267216,269192,0,0,0,0,0,536408,1126717,0,0,31688,15094,0,0,17405,64187,1062530
7,20,376,9,2022,720376,139042,7873,192048,0,0,0,0,0,199921,338963,0,0,9099,3743,0,0,4684,17526,321437
7,20,735,9,2022,720735,112413,0,347450,0,0,0,0,0,347450,459863,0,0,15324,4529,0,0,7392,27245,432618
7,20,899,9,2022,720899,317226,0,139805,0,0,9581,9581,0,149386,466612,0,0,3371,17056,0,0,9954,30381,436231
7,20,922,9,2022,720922,56172,15817,41978,0,0,0,0,0,57795,113967,0,0,4446,545,0,0,1625,6616,107351
7,22,12,9,2022,722012,524899,0,1692116,0,0,0,0,0,1692116,2217015,0,0,100187,197216,0,0,-54080,243323,1973692
7,22,114,9,2022,722114,118528,0,215365,0,0,0,0,0,215365,333893,0,0,18047,16814,0,0,-3088,31773,302120
7,22,146,9,2022,722146,7921,0,1155137,0,0,0,0,0,1155137,1163058,0,0,55768,99983,0,0,5973,161724,1001334
7,22,198,9,2022,722198,1973866,0,5083452,0,0,0,0,0,5083452,7057318,0,0,397361,413265,0,0,43572,854198,6203120
7,22,216,9,2022,722216,1,662638,1785449,0,0,0,0,0,2448087,2448088,0,240,134089,158222,0,0,-38119,254432,2193656
7,22,308,9,2022,722308,1956,0,261781,0,0,0,0,0,261781,263737,0,0,17894,11024,0,0,-3177,25741,237996
7,22,313,9,2022,722313,6142,0,351989,0,0,0,0,0,351989,358131,0,0,25931,13270,0,0,-4023,35178,322953
7,22,350,9,2022,722350,3502,0,408142,0,0,0,0,0,408142,411644,0,0,20654,27662,0,0,-2589,45727,365917
7,22,406,9,2022,722406,1690,0,190817,0,0,0,0,0,190817,192507,0,0,13127,10027,0,0,-2526,20628,171879
7,22,644,9,2022,722644,12374,0,1073211,0,0,0,0,0,1073211,1085585,0,0,59925,84159,0,0,-18152,125932,959653
7,22,825,9,2022,722825,81432,0,5458318,0,0,0,0,0,5458318,5539750,0,0,406278,530209,0,0,-90898,845589,4694161
7,22,918,9,2022,722918,807645,1780603,1854080,200000,200000,0,400000,0,4034683,4842328,0,0,291260,484623,0,0,-56756,719127,4123201
7,25,31,9,2022,725031,26427,0,43444,0,0,0,0,0,43444,69871,0,0,9239,10,0,0,668,9917,59954
7,25,131,9,2022,725131,3750,55558,285365,0,0,0,0,0,340923,344673,0,0,22781,24612,0,0,4237,51630,293043
7,25,247,9,2022,725247,164457,115543,0,0,0,0,0,0,115543,280000,0,103,24060,10416,0,0,0,34579,245421
7,25,256,9,2022,725256,18534,677110,1913933,300000,200000,0,500000,0,3091043,3109577,1236,0,320256,136411,0,0,59556,517459,2592118
7,25,326,9,2022,725326,948517,354163,762175,0,0,0,0,0,1116338,2064855,0,0,121062,167715,0,0,0,288777,1776078
7,25,429,9,2022,725429,1776,69380,228024,0,0,2394,2394,0,299798,301574,0,0,18825,27751,0,0,4714,51290,250284
7,25,450,9,2022,725450,471630,0,214271,0,0,0,0,0,214271,685901,0,0,18224,87499,0,0,10327,116050,569851
7,25,457,9,2022,725457,1775165,133312,499430,0,0,0,0,0,632742,2407907,0,0,160475,203698,0,0,35086,399259,2008648
7,25,466,9,2022,725466,541,0,133111,0,0,0,0,0,133111,133652,0,0,7958,4880,0,0,-1387,11451,122201
7,25,488,9,2022,725488,828,0,200371,0,0,0,0,0,200371,201199,0,0,18215,5366,0,0,1927,25508,175691
7,25,646,9,2022,725646,457,0,70200,0,0,0,0,0,70200,70657,0,0,2494,4892,0,0,531,7917,62740
7,25,676,9,2022,725676,756,0,316719,0,0,0,0,0,316719,317475,0,0,23210,16638,0,0,4084,43932,273543
7,25,715,9,2022,725715,730,0,107218,0,0,0,0,0,107218,107948,0,0,6972,4551,0,0,797,12320,95628
7,25,818,9,2022,725818,144474,141442,101672,0,0,0,0,0,243114,387588,0,0,24257,31263,0,0,5550,61070,326518
7,25,839,9,2022,725839,0,0,551212,0,0,0,0,0,551212,551212,0,0,22891,44940,0,0,5430,73261,477951
7,25,898,9,2022,725898,1880908,0,1240791,0,0,0,0,0,1240791,3121699,0,0,271869,175188,0,0,-55517,391540,2730159
7,25,940,9,2022,725940,1822,0,289073,0,0,776,776,0,289849,291671,0,0,24574,11015,0,0,3191,38780,252891
7,25,947,9,2022,725947,1223,0,476069,0,0,0,0,0,476069,477292,0,0,26792,33081,0,0,4631,64504,412788
7,25,983,9,2022,725983,2435,81946,171118,0,0,0,0,0,253064,255499,0,0,18580,19423,0,0,2820,40823,214676
8,10,586,9,2022,810586,2242,0,148610,0,0,0,0,0,148610,150852,0,0,0,16525,0,0,0,16525,134327
9,25,0,9,2022,925000,7154927,0,3239612,1819602,0,0,1819602,0,5059214,12214141,0,0,93770,25350,0,0,-390525,-271405,12485546
20,0,2,9,2022,2000002,0,0,0,0,0,0,0,0,0,0,0,0,0,0,0,0,0,0,0
20,0,4,9,2022,2000004,0,0,0,0,0,0,0,0,0,0,0,0,0,0,0,0,0,0,0
20,0,7,9,2022,2000007,0,0,0,0,0,0,0,0,0,0,0,0,0,0,0,0,0,0,0
20,0,9,9,2022,2000009,0,0,0,0,0,0,0,0,0,0,0,0,0,0,0,0,0,0,0
20,0,11,9,2022,2000011,0,0,0,0,0,0,0,0,0,0,0,0,0,0,0,0,0,0,0
20,0,12,9,2022,2000012,0,0,0,0,0,0,0,0,0,0,0,0,0,0,0,0,0,0,0
