7,20,143,9,2022,720143,
100,218,,,218,,,,0,0,0,0,,,,,,,
210,0,,,0,,,,0,0,0,0,,,,,,,
220,0,,,0,,,,0,,0,,,,,,,,
310,0,,,0,,,,0,0,0,0,0,,,,,,
320,0,,,0,,,,0,0,0,0,0,,,,,,
410,0,,,,,,,0,,,,,,,0,0,0,
420,0,,,,,,,0,,,,,,,0,0,0,
430,0,,,,,,,0,,,,,,,0,0,0,
510,773715,,,0,,,,6119,11945,754194,1457,,,,,,,
520,0,,,0,,,,0,0,0,0,,,,,,,
600,53,,,0,,,,0,53,0,0,,,,,,,
700,3737,,,0,,,,0,,3737,,,,,,,,
800,777723,,,218,,,,6119,11998,757931,1457,0,,,0,0,0,
900,368,1.0000,368,0,,,,0,0,368,0,,,,,,,
1000,250,0.5000,125,0,,,,0,0,125,0,,,,,,,
1110,0,0.2000,0,0,,,,0,0,0,0,,,,,,,
1120,0,0.5000,0,0,,,,0,0,0,0,,,,,,,
1200,0,1.0000,0,0,0,0,,0,0,0,0,,,,,0,0,
1310,38121,0.2000,7625,0,,,,12,265,7348,0,,,,,,,
1320,117802,0.5000,58901,0,,,,1699,63,57139,0,,,,,,,
1330,0,0.2000,0,0,,,,0,0,0,0,,,,,,,
1400,0,,0,0,,,0,0,0,0,0,,,,,0,0,
1500,0,,0,0,0,0,,0,0,0,0,,,,,,,
1600,,,0,0,,,,0,0,0,0,,0,0,0,,,
1700,0,1.0000,0,0,,,,0,0,0,0,,,,,0,0,
1800,,,,0,0,0,0,1711,328,64980,0,0,0,0,0,0,0,
1900,,,,218,0,0,0,7830,12326,822911,1457,0,0,0,0,0,0,
2000,,,,,,,,,,,,,,,,,,
2100,,,,0,0,0,0,1566,6163,822911,2186,0,0,0,0,0,0,
832826,7713,7713,832826,0,832826,830384
7,25,326,9,2022,725326,
100,11733,,,11733,,,,0,0,0,0,,,,,,,
210,0,,,0,,,,0,0,0,0,,,,,,,
220,288776,,,288776,,,,0,,0,,,,,,,,
310,0,,,0,,,,0,0,0,0,0,,,,,,
320,0,,,0,,,,0,0,0,0,0,,,,,,
410,0,,,,,,,0,,,,,,,0,0,0,
420,0,,,,,,,0,,,,,,,0,0,0,
430,0,,,,,,,0,,,,,,,0,0,0,
510,10195000,,,0,,,,345111,403633,9406015,40240,,,,,,,
520,0,,,0,,,,0,0,0,0,,,,,,,
600,0,,,0,,,,0,0,0,0,,,,,,,
700,86313,,,28888,,,,0,,57424,,,,,,,,
800,10581822,,,329397,,,,345111,403633,9463439,40240,0,,,0,0,0,
900,28312,1.0000,28312,0,,,,25,0,27677,610,,,,,,,
1000,0,0.5000,0,0,,,,0,0,0,0,,,,,,,
1110,2744,0.2000,549,0,,,,0,0,549,0,,,,,,,
1120,38983,0.5000,19492,0,,,,0,23,19469,0,,,,,,,
1200,0,1.0000,0,0,0,0,,0,0,0,0,,,,,0,0,
1310,2165187,0.2000,433038,0,,,,2150,1859,428946,83,,,,,,,
1320,1534956,0.5000,767478,0,,,,234,21105,746049,90,,,,,,,
1330,0,0.2000,0,0,,,,0,0,0,0,,,,,,,
1400,0,,0,0,,,0,0,0,0,0,,,,,0,0,
1500,0,,0,0,0,0,,0,0,0,0,,,,,,,
1600,,,0,0,,,,0,0,0,0,,0,0,0,,,
1700,0,1.0000,0,0,,,,0,0,0,0,,,,,0,0,
1800,,,,0,0,0,0,2409,22987,1222690,783,0,0,0,0,0,0,
1900,,,,329397,0,0,0,347520,426620,10686129,41023,0,0,0,0,0,0,
2000,,,,,,,,,,,,,,,,,,
2100,,,,0,0,0,0,69504,213310,10686129,61535,0,0,0,0,0,0,
11030477,256253,256253,11030477,0,11030477,10947900
7,25,818,9,2022,725818,
100,1600,,,1600,,,,0,0,0,0,,,,,,,
210,0,,,0,,,,0,0,0,0,,,,,,,
220,0,,,0,,,,0,,0,,,,,,,,
310,0,,,0,,,,0,0,0,0,0,,,,,,
320,0,,,0,,,,0,0,0,0,0,,,,,,
410,0,,,,,,,0,,,,,,,0,0,0,
420,0,,,,,,,0,,,,,,,0,0,0,
430,0,,,,,,,0,,,,,,,0,0,0,
510,2128448,,,0,,,,89822,1717,2033171,3738,,,,,,,
520,0,,,0,,,,0,0,0,0,,,,,,,
600,0,,,0,,,,0,0,0,0,,,,,,,
700,27197,,,0,,,,0,,27197,,,,,,,,
800,2157245,,,1600,,,,89822,1717,2060368,3738,0,,,0,0,0,
900,1388,1.0000,1388,0,,,,0,0,1388,0,,,,,,,
1000,2955,0.5000,1477,0,,,,0,0,1477,0,,,,,,,
1110,0,0.2000,0,0,,,,0,0,0,0,,,,,,,
1120,0,0.5000,0,0,,,,0,0,0,0,,,,,,,
1200,0,1.0000,0,0,0,0,,0,0,0,0,,,,,0,0,
1310,159912,0.2000,31983,0,,,,0,0,31983,0,,,,,,,
1320,456171,0.5000,228086,0,,,,3543,605,223849,89,,,,,,,
1330,0,0.2000,0,0,,,,0,0,0,0,,,,,,,
1400,0,,0,0,,,0,0,0,0,0,,,,,0,0,
1500,0,,0,0,0,0,,0,0,0,0,,,,,,,
1600,,,0,0,,,,0,0,0,0,,0,0,0,,,
1700,0,1.0000,0,0,,,,0,0,0,0,,,,,0,0,
1800,,,,0,0,0,0,3543,605,258697,89,0,0,0,0,0,0,
1900,,,,1600,0,0,0,93365,2322,2319065,3827,0,0,0,0,0,0,
2000,,,,,,,,,,,,,,,,,,
2100,,,,0,0,0,0,18673,1161,2319065,5741,0,0,0,0,0,0,
2344639,61070,61070,2344639,0,2344639,2340273
7,25,466,9,2022,725466,
100,1302,,,1302,,,,0,0,0,0,,,,,,,
210,0,,,0,,,,0,0,0,0,,,,,,,
220,0,,,0,,,,0,,0,,,,,,,,
310,0,,,0,,,,0,0,0,0,0,,,,,,
320,0,,,0,,,,0,0,0,0,0,,,,,,
410,0,,,,,,,0,,,,,,,0,0,0,
420,0,,,,,,,0,,,,,,,0,0,0,
430,0,,,,,,,0,,,,,,,0,0,0,
510,654120,,,0,,,,1844,0,652276,0,,,,,,,
520,0,,,0,,,,0,0,0,0,,,,,,,
600,0,,,0,,,,0,0,0,0,,,,,,,
700,7482,,,0,,,,0,,7482,,,,,,,,
800,662904,,,1302,,,,1844,0,659758,0,0,,,0,0,0,
900,514,1.0000,514,0,,,,0,0,514,0,,,,,,,
1000,6,0.5000,3,0,,,,0,0,3,0,,,,,,,
1110,0,0.2000,0,0,,,,0,0,0,0,,,,,,,
1120,0,0.5000,0,0,,,,0,0,0,0,,,,,,,
1200,0,1.0000,0,0,0,0,,0,0,0,0,,,,,0,0,
1310,45652,0.2000,9131,0,,,,0,0,9131,0,,,,,,,
1320,214149,0.5000,107075,0,,,,634,0,106440,0,,,,,,,
1330,0,0.2000,0,0,,,,0,0,0,0,,,,,,,
1400,0,,0,0,,,0,0,0,0,0,,,,,0,0,
1500,0,,0,0,0,0,,0,0,0,0,,,,,,,
1600,,,0,0,,,,0,0,0,0,,0,0,0,,,
1700,0,1.0000,0,0,,,,0,0,0,0,,,,,0,0,
1800,,,,0,0,0,0,634,0,116088,0,0,0,0,0,0,0,
1900,,,,1302,0,0,0,2478,0,775846,0,0,0,0,0,0,0,
2000,,,,,,,,,,,,,,,,,,
2100,,,,0,0,0,0,496,0,775846,0,0,0,0,0,0,0,
776342,11451,11451,776342,0,776342,774137
7,10,551,9,2022,710551,
100,15,,,15,,,,0,0,0,0,,,,,,,
210,0,,,0,,,,0,0,0,0,,,,,,,
220,0,,,0,,,,0,,0,,,,,,,,
310,0,,,0,,,,0,0,0,0,0,,,,,,
320,0,,,0,,,,0,0,0,0,0,,,,,,
410,0,,,,,,,0,,,,,,,0,0,0,
420,0,,,,,,,0,,,,,,,0,0,0,
430,0,,,,,,,0,,,,,,,0,0,0,
510,666965,,,0,,,,806,55186,610795,178,,,,,,,
520,0,,,0,,,,0,0,0,0,,,,,,,
600,0,,,0,,,,0,0,0,0,,,,,,,
700,6505,,,0,,,,0,,6505,,,,,,,,
800,673485,,,15,,,,806,55186,617300,178,0,,,0,0,0,
900,0,1.0000,0,0,,,,0,0,0,0,,,,,,,
1000,0,0.5000,0,0,,,,0,0,0,0,,,,,,,
1110,0,0.2000,0,0,,,,0,0,0,0,,,,,,,
1120,0,0.5000,0,0,,,,0,0,0,0,,,,,,,
1200,0,1.0000,0,0,0,0,,0,0,0,0,,,,,0,0,
1310,1154,0.2000,231,0,,,,0,0,231,0,,,,,,,
1320,10134,0.5000,5067,0,,,,0,0,5064,3,,,,,,,
1330,0,0.2000,0,0,,,,0,0,0,0,,,,,,,
1400,0,,0,0,,,0,0,0,0,0,,,,,0,0,
1500,0,,0,0,0,0,,0,0,0,0,,,,,,,
1600,,,0,0,,,,0,0,0,0,,0,0,0,,,
1700,0,1.0000,0,0,,,,0,0,0,0,,,,,0,0,
1800,,,,0,0,0,0,0,0,5295,3,0,0,0,0,0,0,
1900,,,,15,0,0,0,806,55186,622595,181,0,0,0,0,0,0,
2000,,,,,,,,,,,,,,,,,,
2100,,,,0,0,0,0,161,27593,622595,272,0,0,0,0,0,0,
650621,11039,11039,650621,0,650621,645147
20,0,4,9,2022,2000004,
100,0,,,0,,,,0,0,0,0,,,,,,,
210,0,,,0,,,,0,0,0,0,,,,,,,
220,0,,,0,,,,0,,0,,,,,,,,
310,0,,,0,,,,0,0,0,0,0,,,,,,
320,0,,,0,,,,0,0,0,0,0,,,,,,
410,0,,,,,,,0,,,,,,,0,0,0,
420,0,,,,,,,0,,,,,,,0,0,0,
430,0,,,,,,,0,,,,,,,0,0,0,
510,0,,,0,,,,0,0,0,0,,,,,,,
520,0,,,0,,,,0,0,0,0,,,,,,,
600,0,,,0,,,,0,0,0,0,,,,,,,
700,0,,,0,,,,0,,0,,,,,,,,
800,0,,,0,,,,0,0,0,0,0,,,0,0,0,
900,0,1.0000,0,0,,,,0,0,0,0,,,,,,,
1000,0,0.5000,0,0,,,,0,0,0,0,,,,,,,
1110,0,0.2000,0,0,,,,0,0,0,0,,,,,,,
1120,0,0.5000,0,0,,,,0,0,0,0,,,,,,,
1200,0,1.0000,0,0,0,0,,0,0,0,0,,,,,0,0,
1310,0,0.2000,0,0,,,,0,0,0,0,,,,,,,
1320,0,0.5000,0,0,,,,0,0,0,0,,,,,,,
1330,0,0.2000,0,0,,,,0,0,0,0,,,,,,,
1400,0,,0,0,,,0,0,0,0,0,,,,,0,0,
1500,0,,0,0,0,0,,0,0,0,0,,,,,,,
1600,,,0,0,,,,0,0,0,0,,0,0,0,,,
1700,0,1.0000,0,0,,,,0,0,0,0,,,,,0,0,
1800,,,,0,0,0,0,0,0,0,0,0,0,0,0,0,0,
1900,,,,0,0,0,0,0,0,0,0,0,0,0,0,0,0,
2000,,,,,,,,,,,,,,,,,,
2100,,,,0,0,0,0,0,0,0,0,0,0,0,0,0,0,
0,0,0,0,0,0,0
7,10,924,9,2022,710924,
100,92,,,92,,,,0,0,0,0,,,,,,,
210,0,,,0,,,,0,0,0,0,,,,,,,
220,0,,,0,,,,0,,0,,,,,,,,
310,0,,,0,,,,0,0,0,0,0,,,,,,
320,0,,,0,,,,0,0,0,0,0,,,,,,
410,0,,,,,,,0,,,,,,,0,0,0,
420,0,,,,,,,0,,,,,,,0,0,0,
430,0,,,,,,,0,,,,,,,0,0,0,
510,1040027,,,0,,,,4808,14197,1014126,6897,,,,,,,
520,0,,,0,,,,0,0,0,0,,,,,,,
600,0,,,0,,,,0,0,0,0,,,,,,,
700,6284,,,0,,,,0,,6284,,,,,,,,
800,1046403,,,92,,,,4808,14197,1020410,6897,0,,,0,0,0,
900,2131,1.0000,2131,0,,,,0,0,2131,0,,,,,,,
1000,125,0.5000,62,0,,,,0,0,62,0,,,,,,,
1110,0,0.2000,0,0,,,,0,0,0,0,,,,,,,
1120,939,0.5000,469,0,,,,0,0,469,0,,,,,,,
1200,0,1.0000,0,0,0,0,,0,0,0,0,,,,,0,0,
1310,28968,0.2000,5794,0,,,,0,0,5794,0,,,,,,,
1320,58917,0.5000,29459,0,,,,0,0,29459,0,,,,,,,
1330,0,0.2000,0,0,,,,0,0,0,0,,,,,,,
1400,0,,0,0,,,0,0,0,0,0,,,,,0,0,
1500,0,,0,0,0,0,,0,0,0,0,,,,,,,
1600,,,0,0,,,,0,0,0,0,,0,0,0,,,
1700,0,1.0000,0,0,,,,0,0,0,0,,,,,0,0,
1800,,,,0,0,0,0,0,0,37915,0,0,0,0,0,0,0,
1900,,,,92,0,0,0,4808,14197,1058325,6897,0,0,0,0,0,0,
2000,,,,,,,,,,,,,,,,,,
2100,,,,0,0,0,0,962,7099,1058325,10346,0,0,0,0,0,0,
1076731,15972,15972,1076731,0,1076731,1070048
20,0,11,9,2022,2000011,
100,0,,,0,,,,0,0,0,0,,,,,,,
210,0,,,0,,,,0,0,0,0,,,,,,,
220,0,,,0,,,,0,,0,,,,,,,,
310,0,,,0,,,,0,0,0,0,0,,,,,,
320,0,,,0,,,,0,0,0,0,0,,,,,,
410,0,,,,,,,0,,,,,,,0,0,0,
420,0,,,,,,,0,,,,,,,0,0,0,
430,0,,,,,,,0,,,,,,,0,0,0,
510,0,,,0,,,,0,0,0,0,,,,,,,
520,0,,,0,,,,0,0,0,0,,,,,,,
600,0,,,0,,,,0,0,0,0,,,,,,,
700,0,,,0,,,,0,,0,,,,,,,,
800,0,,,0,,,,0,0,0,0,0,,,0,0,0,
900,0,1.0000,0,0,,,,0,0,0,0,,,,,,,
1000,0,0.5000,0,0,,,,0,0,0,0,,,,,,,
1110,0,0.2000,0,0,,,,0,0,0,0,,,,,,,
1120,0,0.5000,0,0,,,,0,0,0,0,,,,,,,
1200,0,1.0000,0,0,0,0,,0,0,0,0,,,,,0,0,
1310,0,0.2000,0,0,,,,0,0,0,0,,,,,,,
1320,0,0.5000,0,0,,,,0,0,0,0,,,,,,,
1330,0,0.2000,0,0,,,,0,0,0,0,,,,,,,
1400,0,,0,0,,,0,0,0,0,0,,,,,0,0,
1500,0,,0,0,0,0,,0,0,0,0,,,,,,,
1600,,,0,0,,,,0,0,0,0,,0,0,0,,,
1700,0,1.0000,0,0,,,,0,0,0,0,,,,,0,0,
1800,,,,0,0,0,0,0,0,0,0,0,0,0,0,0,0,
1900,,,,0,0,0,0,0,0,0,0,0,0,0,0,0,0,
2000,,,,,,,,,,,,,,,,,,
2100,,,,0,0,0,0,0,0,0,0,0,0,0,0,0,0,
0,0,0,0,0,0,0
7,22,308,9,2022,722308,
100,0,,,0,,,,0,0,0,0,,,,,,,
210,0,,,0,,,,0,0,0,0,,,,,,,
220,0,,,0,,,,0,,0,,,,,,,,
310,0,,,0,,,,0,0,0,0,0,,,,,,
320,0,,,0,,,,0,0,0,0,0,,,,,,
410,0,,,,,,,0,,,,,,,0,0,0,
420,0,,,,,,,0,,,,,,,0,0,0,
430,0,,,,,,,0,,,,,,,0,0,0,
510,1249737,,,0,,,,6931,30443,1212173,190,,,,,,,
520,0,,,0,,,,0,0,0,0,,,,,,,
600,0,,,0,,,,0,0,0,0,,,,,,,
700,16450,,,0,,,,636,,15814,,,,,,,,
800,1266187,,,0,,,,7567,30443,1227987,190,0,,,0,0,0,
900,5,1.0000,5,0,,,,0,0,5,0,,,,,,,
1000,0,0.5000,0,0,,,,0,0,0,0,,,,,,,
1110,0,0.2000,0,0,,,,0,0,0,0,,,,,,,
1120,0,0.5000,0,0,,,,0,0,0,0,,,,,,,
1200,0,1.0000,0,0,0,0,,0,0,0,0,,,,,0,0,
1310,54873,0.2000,10975,0,,,,117,0,10858,0,,,,,,,
1320,182571,0.5000,91286,0,,,,31,152,91103,0,,,,,,,
1330,0,0.2000,0,0,,,,0,0,0,0,,,,,,,
1400,0,,0,0,,,0,0,0,0,0,,,,,0,0,
1500,0,,0,0,0,0,,0,0,0,0,,,,,,,
1600,,,0,0,,,,0,0,0,0,,0,0,0,,,
1700,0,1.0000,0,0,,,,0,0,0,0,,,,,0,0,
1800,,,,0,0,0,0,148,152,101966,0,0,0,0,0,0,0,
1900,,,,0,0,0,0,7715,30595,1329953,190,0,0,0,0,0,0,
2000,,,,,,,,,,,,,,,,,,
2100,,,,0,0,0,0,1543,15298,1329953,285,0,0,0,0,0,0,
1347079,25742,25742,1347079,0,1347079,1344748
7,25,940,9,2022,725940,
100,1715,,,1715,,,,0,0,0,0,,,,,,,
210,0,,,0,,,,0,0,0,0,,,,,,,
220,0,,,0,,,,0,,0,,,,,,,,
310,0,,,0,,,,0,0,0,0,0,,,,,,
320,0,,,0,,,,0,0,0,0,0,,,,,,
410,0,,,,,,,0,,,,,,,0,0,0,
420,0,,,,,,,0,,,,,,,0,0,0,
430,0,,,,,,,0,,,,,,,0,0,0,
510,1435020,,,0,,,,18595,4824,1405895,5706,,,,,,,
520,0,,,0,,,,0,0,0,0,,,,,,,
600,0,,,0,,,,0,0,0,0,,,,,,,
700,22218,,,0,,,,99,,22119,,,,,,,,
800,1458953,,,1715,,,,18694,4824,1428014,5706,0,,,0,0,0,
900,3343,1.0000,3343,0,,,,0,0,3343,0,,,,,,,
1000,0,0.5000,0,0,,,,0,0,0,0,,,,,,,
1110,0,0.2000,0,0,,,,0,0,0,0,,,,,,,
1120,0,0.5000,0,0,,,,0,0,0,0,,,,,,,
1200,0,1.0000,0,0,0,0,,0,0,0,0,,,,,0,0,
1310,15008,0.2000,3002,0,,,,0,0,3002,0,,,,,,,
1320,147687,0.5000,73844,0,,,,0,0,73805,39,,,,,,,
1330,0,0.2000,0,0,,,,0,0,0,0,,,,,,,
1400,0,,0,0,,,0,0,0,0,0,,,,,0,0,
1500,0,,0,0,0,0,,0,0,0,0,,,,,,,
1600,,,0,0,,,,0,0,0,0,,0,0,0,,,
1700,0,1.0000,0,0,,,,0,0,0,0,,,,,0,0,
1800,,,,0,0,0,0,0,0,80150,39,0,0,0,0,0,0,
1900,,,,1715,0,0,0,18694,4824,1508164,5745,0,0,0,0,0,0,
2000,,,,,,,,,,,,,,,,,,
2100,,,,0,0,0,0,3739,2412,1508164,8618,0,0,0,0,0,0,
1522932,38780,38780,1522932,0,1522932,1520086
7,20,131,9,2022,720131,
100,322,,,250,,,,72,0,0,0,,,,,,,
210,0,,,0,,,,0,0,0,0,,,,,,,
220,0,,,0,,,,0,,0,,,,,,,,
310,5274,,,4502,,,,0,0,773,0,0,,,,,,
320,0,,,0,,,,0,0,0,0,0,,,,,,
410,0,,,,,,,0,,,,,,,0,0,0,
420,0,,,,,,,0,,,,,,,0,0,0,
430,0,,,,,,,0,,,,,,,0,0,0,
510,631805,,,0,,,,90504,6190,530639,4473,,,,,,,
520,0,,,0,,,,0,0,0,0,,,,,,,
600,0,,,0,,,,0,0,0,0,,,,,,,
700,5388,,,0,,,,0,,5388,,,,,,,,
800,642789,,,4752,,,,90576,6190,536800,4473,0,,,0,0,0,
900,696,1.0000,696,0,,,,0,0,696,0,,,,,,,
1000,84,0.5000,42,0,,,,0,0,42,0,,,,,,,
1110,0,0.2000,0,0,,,,0,0,0,0,,,,,,,
1120,0,0.5000,0,0,,,,0,0,0,0,,,,,,,
1200,0,1.0000,0,0,0,0,,0,0,0,0,,,,,0,0,
1310,45231,0.2000,9047,0,,,,623,135,8289,0,,,,,,,
1320,72786,0.5000,36393,0,,,,2898,22,33473,0,,,,,,,
1330,0,0.2000,0,0,,,,0,0,0,0,,,,,,,
1400,0,,0,0,,,0,0,0,0,0,,,,,0,0,
1500,0,,0,0,0,0,,0,0,0,0,,,,,,,
1600,,,0,0,,,,0,0,0,0,,0,0,0,,,
1700,0,1.0000,0,0,,,,0,0,0,0,,,,,0,0,
1800,,,,0,0,0,0,3521,157,42500,0,0,0,0,0,0,0,
1900,,,,4752,0,0,0,94097,6347,579300,4473,0,0,0,0,0,0,
2000,,,,,,,,,,,,,,,,,,
2100,,,,0,0,0,0,18819,3174,579300,6710,0,0,0,0,0,0,
608002,6907,6907,608002,4752,603250,596191
7,20,345,9,2022,720345,
100,831,,,250,,,,581,0,0,0,,,,,,,
210,0,,,0,,,,0,0,0,0,,,,,,,
220,0,,,0,,,,0,,0,,,,,,,,
310,0,,,0,,,,0,0,0,0,0,,,,,,
320,0,,,0,,,,0,0,0,0,0,,,,,,
410,0,,,,,,,0,,,,,,,0,0,0,
420,0,,,,,,,0,,,,,,,0,0,0,
430,0,,,,,,,0,,,,,,,0,0,0,
510,5834835,,,4,,,,109828,48754,5646061,30188,,,,,,,
520,0,,,0,,,,0,0,0,0,,,,,,,
600,128,,,0,,,,0,128,0,0,,,,,,,
700,39749,,,0,,,,41,,39707,,,,,,,,
800,5875543,,,254,,,,110450,48882,5685768,30188,0,,,0,0,0,
900,9763,1.0000,9763,0,,,,0,0,9763,0,,,,,,,
1000,3813,0.5000,1906,0,,,,0,0,1906,0,,,,,,,
1110,0,0.2000,0,0,,,,0,0,0,0,,,,,,,
1120,658,0.5000,329,0,,,,0,0,329,0,,,,,,,
1200,0,1.0000,0,0,0,0,,0,0,0,0,,,,,0,0,
1310,264618,0.2000,52924,0,,,,62,420,52442,0,,,,,,,
1320,941203,0.5000,470602,0,,,,454,23,470124,0,,,,,,,
1330,0,0.2000,0,0,,,,0,0,0,0,,,,,,,
1400,0,,0,0,,,0,0,0,0,0,,,,,0,0,
1500,0,,0,0,0,0,,0,0,0,0,,,,,,,
1600,,,0,0,,,,0,0,0,0,,0,0,0,,,
1700,0,1.0000,0,0,,,,0,0,0,0,,,,,0,0,
1800,,,,0,0,0,0,516,443,534564,0,0,0,0,0,0,0,
1900,,,,254,0,0,0,110966,49325,6220332,30188,0,0,0,0,0,0,
2000,,,,,,,,,,,,,,,,,,
2100,,,,0,0,0,0,22193,24663,6220332,45282,0,0,0,0,0,0,
6312470,64187,64187,6312470,0,6312470,6289166
7,20,899,9,2022,720899,
100,336,,,267,,,,69,0,0,0,,,,,,,
210,0,,,0,,,,0,0,0,0,,,,,,,
220,0,,,0,,,,0,,0,,,,,,,,
310,6123,,,5736,,,,0,0,386,0,0,,,,,,
320,0,,,0,,,,0,0,0,0,0,,,,,,
410,0,,,,,,,0,,,,,,,0,0,0,
420,0,,,,,,,0,,,,,,,0,0,0,
430,0,,,,,,,0,,,,,,,0,0,0,
510,2727035,,,207817,,,,604039,213773,1699947,1460,,,,,,,
520,0,,,0,,,,0,0,0,0,,,,,,,
600,0,,,0,,,,0,0,0,0,,,,,,,
700,13337,,,0,,,,18,,13320,,,,,,,,
800,2746831,,,213820,,,,604126,213773,1713653,1460,0,,,0,0,0,
900,1165,1.0000,1165,0,,,,0,0,1165,0,,,,,,,
1000,45,0.5000,22,0,,,,0,0,22,0,,,,,,,
1110,0,0.2000,0,0,,,,0,0,0,0,,,,,,,
1120,76,0.5000,38,0,,,,0,0,38,0,,,,,,,
1200,0,1.0000,0,0,0,0,,0,0,0,0,,,,,0,0,
1310,131270,0.2000,26254,0,,,,620,0,25634,0,,,,,,,
1320,349665,0.5000,174833,0,,,,3012,5510,166310,0,,,,,,,
1330,0,0.2000,0,0,,,,0,0,0,0,,,,,,,
1400,0,,0,0,,,0,0,0,0,0,,,,,0,0,
1500,0,,0,0,0,0,,0,0,0,0,,,,,,,
1600,,,0,0,,,,0,0,0,0,,0,0,0,,,
1700,0,1.0000,0,0,,,,0,0,0,0,,,,,0,0,
1800,,,,0,0,0,0,3632,5510,193169,0,0,0,0,0,0,0,
1900,,,,213820,0,0,0,607758,219283,1906822,1460,0,0,0,0,0,0,
2000,,,,,,,,,,,,,,,,,,
2100,,,,0,0,0,0,121552,109642,1906822,2190,0,0,0,0,0,0,
2140205,30381,30381,2140205,0,2140205,2133432
7,10,566,9,2022,710566,
100,0,,,0,,,,0,0,0,0,,,,,,,
210,0,,,0,,,,0,0,0,0,,,,,,,
220,0,,,0,,,,0,,0,,,,,,,,
310,16652,,,0,,,,1230,0,15422,0,0,,,,,,
320,0,,,0,,,,0,0,0,0,0,,,,,,
410,0,,,,,,,0,,,,,,,0,0,0,
420,442,,,,,,,0,,,,,,,442,0,0,
430,0,,,,,,,0,,,,,,,0,0,0,
510,11340538,,,0,,,,29270,205121,11052526,53621,,,,,,,
520,0,,,0,,,,0,0,0,0,,,,,,,
600,0,,,0,,,,0,0,0,0,,,,,,,
700,58722,,,0,,,,0,,58722,,,,,,,,
800,11416354,,,0,,,,30500,205121,11126670,53621,0,,,442,0,0,
900,18065,1.0000,18065,0,,,,0,0,18065,0,,,,,,,
1000,520,0.5000,260,0,,,,0,0,260,0,,,,,,,
1110,1584,0.2000,317,0,,,,0,0,317,0,,,,,,,
1120,1212,0.5000,606,0,,,,0,0,606,0,,,,,,,
1200,0,1.0000,0,0,0,0,,0,0,0,0,,,,,0,0,
1310,521957,0.2000,104392,0,,,,753,655,102786,198,,,,,,,
1320,1188936,0.5000,594468,0,,,,2,174,593661,631,,,,,,,
1330,0,0.2000,0,0,,,,0,0,0,0,,,,,,,
1400,0,,0,0,,,0,0,0,0,0,,,,,0,0,
1500,0,,0,0,0,0,,0,0,0,0,,,,,,,
1600,,,0,0,,,,0,0,0,0,,0,0,0,,,
1700,0,1.0000,0,0,,,,0,0,0,0,,,,,0,0,
1800,,,,0,0,0,0,755,829,715695,829,0,0,0,0,0,0,
1900,,,,0,0,0,0,31255,205950,11842365,54450,0,0,0,442,0,0,
2000,,,,,,,,,,,,,,,,,,
2100,,,,0,0,0,0,6251,102975,11842365,81675,0,0,0,5525,0,0,
12038791,159377,160834,12037334,0,12037334,12014871
7,25,31,9,2022,725031,
100,1769,,,250,,,,1519,0,0,0,,,,,,,
210,0,,,0,,,,0,0,0,0,,,,,,,
220,0,,,0,,,,0,,0,,,,,,,,
310,0,,,0,,,,0,0,0,0,0,,,,,,
320,0,,,0,,,,0,0,0,0,0,,,,,,
410,0,,,,,,,0,,,,,,,0,0,0,
420,0,,,,,,,0,,,,,,,0,0,0,
430,0,,,,,,,0,,,,,,,0,0,0,
510,346416,,,-1486,,,,31438,0,315899,565,,,,,,,
520,0,,,0,,,,0,0,0,0,,,,,,,
600,0,,,0,,,,0,0,0,0,,,,,,,
700,13010,,,11584,,,,0,,1426,,,,,,,,
800,361195,,,10348,,,,32957,0,317325,565,0,,,0,0,0,
900,0,1.0000,0,0,,,,0,0,0,0,,,,,,,
1000,0,0.5000,0,0,,,,0,0,0,0,,,,,,,
1110,0,0.2000,0,0,,,,0,0,0,0,,,,,,,
1120,0,0.5000,0,0,,,,0,0,0,0,,,,,,,
1200,0,1.0000,0,0,0,0,,0,0,0,0,,,,,0,0,
1310,61922,0.2000,12385,0,,,,610,0,11775,0,,,,,,,
1320,37043,0.5000,18522,0,,,,1,0,18520,0,,,,,,,
1330,0,0.2000,0,0,,,,0,0,0,0,,,,,,,
1400,0,,0,0,,,0,0,0,0,0,,,,,0,0,
1500,0,,0,0,0,0,,0,0,0,0,,,,,,,
1600,,,0,0,,,,0,0,0,0,,0,0,0,,,
1700,0,1.0000,0,0,,,,0,0,0,0,,,,,0,0,
1800,,,,0,0,0,0,611,0,30295,0,0,0,0,0,0,0,
1900,,,,10348,0,0,0,33568,0,347620,565,0,0,0,0,0,0,
2000,,,,,,,,,,,,,,,,,,
2100,,,,0,0,0,0,6714,0,347620,848,0,0,0,0,0,0,
355181,9917,11584,353514,0,353514,353695
7,20,336,9,2022,720336,
100,59,,,59,,,,1,0,0,0,,,,,,,
210,0,,,0,,,,0,0,0,0,,,,,,,
220,0,,,0,,,,0,,0,,,,,,,,
310,0,,,0,,,,0,0,0,0,0,,,,,,
320,0,,,0,,,,0,0,0,0,0,,,,,,
410,0,,,,,,,0,,,,,,,0,0,0,
420,0,,,,,,,0,,,,,,,0,0,0,
430,2344,,,,,,,0,,,,,,,2344,0,0,
510,1255471,,,0,,,,81584,3778,1165517,4592,,,,,,,
520,0,,,0,,,,0,0,0,0,,,,,,,
600,0,,,0,,,,0,0,0,0,,,,,,,
700,14930,,,0,,,,18,,14912,,,,,,,,
800,1272804,,,59,,,,81603,3778,1180429,4592,0,,,2344,0,0,
900,84,1.0000,84,0,,,,0,0,84,0,,,,,,,
1000,0,0.5000,0,0,,,,0,0,0,0,,,,,,,
1110,0,0.2000,0,0,,,,0,0,0,0,,,,,,,
1120,0,0.5000,0,0,,,,0,0,0,0,,,,,,,
1200,0,1.0000,0,0,0,0,,0,0,0,0,,,,,0,0,
1310,48580,0.2000,9716,0,,,,2434,0,7282,0,,,,,,,
1320,78238,0.5000,39119,0,,,,6961,0,32158,0,,,,,,,
1330,0,0.2000,0,0,,,,0,0,0,0,,,,,,,
1400,0,,0,0,,,0,0,0,0,0,,,,,0,0,
1500,0,,0,0,0,0,,0,0,0,0,,,,,,,
1600,,,0,0,,,,0,0,0,0,,0,0,0,,,
1700,0,1.0000,0,0,,,,0,0,0,0,,,,,0,0,
1800,,,,0,0,0,0,9395,0,39524,0,0,0,0,0,0,0,
1900,,,,59,0,0,0,90998,3778,1219953,4592,0,0,0,2344,0,0,
2000,,,,,,,,,,,,,,,,,,
2100,,,,0,0,0,0,18200,1889,1219953,6888,0,0,0,29300,0,0,
1276230,13210,13210,1276230,0,1276230,1270446
7,20,33,9,2022,720033,
100,369,,,250,,,,119,0,0,0,,,,,,,
210,0,,,0,,,,0,0,0,0,,,,,,,
220,0,,,0,,,,0,,0,,,,,,,,
310,0,,,0,,,,0,0,0,0,0,,,,,,
320,0,,,0,,,,0,0,0,0,0,,,,,,
410,0,,,,,,,0,,,,,,,0,0,0,
420,0,,,,,,,0,,,,,,,0,0,0,
430,0,,,,,,,0,,,,,,,0,0,0,
510,3020842,,,0,,,,142550,8953,2868079,1260,,,,,,,
520,0,,,0,,,,0,0,0,0,,,,,,,
600,25,,,0,,,,0,25,0,0,,,,,,,
700,20064,,,0,,,,25,,20038,,,,,,,,
800,3041300,,,250,,,,142694,8978,2888117,1260,0,,,0,0,0,
900,1284,1.0000,1284,0,,,,0,0,1284,0,,,,,,,
1000,298,0.5000,149,0,,,,0,0,149,0,,,,,,,
1110,0,0.2000,0,0,,,,0,0,0,0,,,,,,,
1120,0,0.5000,0,0,,,,0,0,0,0,,,,,,,
1200,0,1.0000,0,0,0,0,,0,0,0,0,,,,,0,0,
1310,117953,0.2000,23591,0,,,,5,0,23586,0,,,,,,,
1320,325207,0.5000,162604,0,,,,5851,13,156740,0,,,,,,,
1330,0,0.2000,0,0,,,,0,0,0,0,,,,,,,
1400,0,,0,0,,,0,0,0,0,0,,,,,0,0,
1500,0,,0,0,0,0,,0,0,0,0,,,,,,,
1600,,,0,0,,,,0,0,0,0,,0,0,0,,,
1700,0,1.0000,0,0,,,,0,0,0,0,,,,,0,0,
1800,,,,0,0,0,0,5856,13,181759,0,0,0,0,0,0,0,
1900,,,,250,0,0,0,148550,8991,3069876,1260,0,0,0,0,0,0,
2000,,,,,,,,,,,,,,,,,,
2100,,,,0,0,0,0,29710,4496,3069876,1890,0,0,0,0,0,0,
3105972,73005,73005,3105972,0,3105972,3085270
7,25,131,9,2022,725131,
100,1859,,,1859,,,,0,0,0,0,,,,,,,
210,0,,,0,,,,0,0,0,0,,,,,,,
220,0,,,0,,,,0,,0,,,,,,,,
310,0,,,0,,,,0,0,0,0,0,,,,,,
320,0,,,0,,,,0,0,0,0,0,,,,,,
410,0,,,,,,,0,,,,,,,0,0,0,
420,0,,,,,,,0,,,,,,,0,0,0,
430,0,,,,,,,0,,,,,,,0,0,0,
510,1847937,,,0,,,,8619,3093,1828335,7890,,,,,,,
520,0,,,0,,,,0,0,0,0,,,,,,,
600,0,,,0,,,,0,0,0,0,,,,,,,
700,32430,,,0,,,,0,,32430,,,,,,,,
800,1882226,,,1859,,,,8619,3093,1860765,7890,0,,,0,0,0,
900,3693,1.0000,3693,0,,,,0,0,3693,0,,,,,,,
1000,0,0.5000,0,0,,,,0,0,0,0,,,,,,,
1110,0,0.2000,0,0,,,,0,0,0,0,,,,,,,
1120,0,0.5000,0,0,,,,0,0,0,0,,,,,,,
1200,0,1.0000,0,0,0,0,,0,0,0,0,,,,,0,0,
1310,22157,0.2000,4432,0,,,,0,0,4432,0,,,,,,,
1320,179294,0.5000,89647,0,,,,0,0,89586,61,,,,,,,
1330,0,0.2000,0,0,,,,0,0,0,0,,,,,,,
1400,0,,0,0,,,0,0,0,0,0,,,,,0,0,
1500,0,,0,0,0,0,,0,0,0,0,,,,,,,
1600,,,0,0,,,,0,0,0,0,,0,0,0,,,
1700,0,1.0000,0,0,,,,0,0,0,0,,,,,0,0,
1800,,,,0,0,0,0,0,0,97711,61,0,0,0,0,0,0,
1900,,,,1859,0,0,0,8619,3093,1958476,7951,0,0,0,0,0,0,
2000,,,,,,,,,,,,,,,,,,
2100,,,,0,0,0,0,1724,1547,1958476,11927,0,0,0,0,0,0,
1973673,51630,51630,1973673,0,1973673,1969579
7,25,256,9,2022,725256,
100,13369,,,250,,,,13119,0,0,0,,,,,,,
210,0,,,0,,,,0,0,0,0,,,,,,,
220,0,,,0,,,,0,,0,,,,,,,,
310,0,,,0,,,,0,0,0,0,0,,,,,,
320,0,,,0,,,,0,0,0,0,0,,,,,,
410,0,,,,,,,0,,,,,,,0,0,0,
420,0,,,,,,,0,,,,,,,0,0,0,
430,0,,,,,,,0,,,,,,,0,0,0,
510,16824344,,,2662,,,,151036,1497,16564741,104408,,,,,,,
520,0,,,0,,,,0,0,0,0,,,,,,,
600,0,,,0,,,,0,0,0,0,,,,,,,
700,754604,,,516297,,,,-11,,238318,,,,,,,,
800,17592317,,,519209,,,,164144,1497,16803059,104408,0,,,0,0,0,
900,55933,1.0000,55933,0,,,,0,0,55847,86,,,,,,,
1000,0,0.5000,0,0,,,,0,0,0,0,,,,,,,
1110,0,0.2000,0,0,,,,0,0,0,0,,,,,,,
1120,0,0.5000,0,0,,,,0,0,0,0,,,,,,,
1200,0,1.0000,0,0,0,0,,0,0,0,0,,,,,0,0,
1310,571657,0.2000,114332,0,,,,429,0,113638,265,,,,,,,
1320,4583224,0.5000,2291612,0,,,,3561,0,2286415,1636,,,,,,,
1330,0,0.2000,0,0,,,,0,0,0,0,,,,,,,
1400,0,,0,0,,,0,0,0,0,0,,,,,0,0,
1500,0,,0,0,0,0,,0,0,0,0,,,,,,,
1600,,,0,0,,,,0,0,0,0,,0,0,0,,,
1700,67010,1.0000,67010,0,,,,0,0,67010,0,,,,,0,0,
1800,,,,0,0,0,0,3990,0,2522910,1987,0,0,0,0,0,0,
1900,,,,519209,0,0,0,168134,1497,19325969,106395,0,0,0,0,0,0,
2000,,,,,,,,,,,,,,,,,,
2100,,,,0,0,0,0,33627,749,19325969,159593,0,0,0,0,0,0,
19519937,516223,564728,19471432,0,19471432,19483093
7,25,457,9,2022,725457,
100,13837,,,9989,,,,3848,0,0,0,,,,,,,
210,0,,,0,,,,0,0,0,0,,,,,,,
220,0,,,0,,,,0,,0,,,,,,,,
310,0,,,0,,,,0,0,0,0,0,,,,,,
320,842057,,,842057,,,,0,0,0,0,0,,,,,,
410,0,,,,,,,0,,,,,,,0,0,0,
420,0,,,,,,,0,,,,,,,0,0,0,
430,0,,,,,,,0,,,,,,,0,0,0,
510,12850166,,,1850,,,,162225,84,12634770,51237,,,,,,,
520,0,,,0,,,,0,0,0,0,,,,,,,
600,0,,,0,,,,0,0,0,0,,,,,,,
700,531592,,,399260,,,,0,,132332,,,,,,,,
800,14237652,,,1253156,,,,166073,84,12767102,51237,0,,,0,0,0,
900,27045,1.0000,27045,0,,,,0,0,27045,0,,,,,,,
1000,0,0.5000,0,0,,,,0,0,0,0,,,,,,,
1110,0,0.2000,0,0,,,,0,0,0,0,,,,,,,
1120,0,0.5000,0,0,,,,0,0,0,0,,,,,,,
1200,0,1.0000,0,0,0,0,,0,0,0,0,,,,,0,0,
1310,2292461,0.2000,458493,0,,,,0,0,458493,0,,,,,,,
1320,2110848,0.5000,1055424,0,,,,0,0,1055424,0,,,,,,,
1330,0,0.2000,0,0,,,,0,0,0,0,,,,,,,
1400,0,,0,0,,,0,0,0,0,0,,,,,0,0,
1500,0,,0,0,0,0,,0,0,0,0,,,,,,,
1600,,,0,0,,,,0,0,0,0,,0,0,0,,,
1700,0,1.0000,0,0,,,,0,0,0,0,,,,,0,0,
1800,,,,0,0,0,0,0,0,1540962,0,0,0,0,0,0,0,
1900,,,,1253156,0,0,0,166073,84,14308064,51237,0,0,0,0,0,0,
2000,,,,,,,,,,,,,,,,,,
2100,,,,0,0,0,0,33215,42,14308064,76856,0,0,0,0,0,0,
14418176,399259,399259,14418176,0,14418176,14344487
7,10,56,9,2022,710056,
100,0,,,0,,,,0,0,0,0,,,,,,,
210,0,,,0,,,,0,0,0,0,,,,,,,
220,0,,,0,,,,0,,0,,,,,,,,
310,0,,,0,,,,0,0,0,0,0,,,,,,
320,0,,,0,,,,0,0,0,0,0,,,,,,
410,0,,,,,,,0,,,,,,,0,0,0,
420,0,,,,,,,0,,,,,,,0,0,0,
430,0,,,,,,,0,,,,,,,0,0,0,
510,376668,,,0,,,,78041,7706,288571,2350,,,,,,,
520,0,,,0,,,,0,0,0,0,,,,,,,
600,0,,,0,,,,0,0,0,0,,,,,,,
700,4403,,,0,,,,0,,4403,,,,,,,,
800,381071,,,0,,,,78041,7706,292974,2350,0,,,0,0,0,
900,334,1.0000,334,0,,,,0,0,334,0,,,,,,,
1000,21,0.5000,10,0,,,,0,0,10,0,,,,,,,
1110,0,0.2000,0,0,,,,0,0,0,0,,,,,,,
1120,0,0.5000,0,0,,,,0,0,0,0,,,,,,,
1200,0,1.0000,0,0,0,0,,0,0,0,0,,,,,0,0,
1310,22310,0.2000,4462,0,,,,452,42,3967,1,,,,,,,
1320,80041,0.5000,40021,0,,,,892,1111,37990,28,,,,,,,
1330,0,0.2000,0,0,,,,0,0,0,0,,,,,,,
1400,0,,0,0,,,0,0,0,0,0,,,,,0,0,
1500,0,,0,0,0,0,,0,0,0,0,,,,,,,
1600,,,0,0,,,,0,0,0,0,,0,0,0,,,
1700,0,1.0000,0,0,,,,0,0,0,0,,,,,0,0,
1800,,,,0,0,0,0,1344,1153,42301,29,0,0,0,0,0,0,
1900,,,,0,0,0,0,79385,8859,335275,2379,0,0,0,0,0,0,
2000,,,,,,,,,,,,,,,,,,
2100,,,,0,0,0,0,15877,4430,335275,3569,0,0,0,0,0,0,
359150,10340,10340,359150,0,359150,358138
20,0,12,9,2022,2000012,
100,0,,,0,,,,0,0,0,0,,,,,,,
210,0,,,0,,,,0,0,0,0,,,,,,,
220,0,,,0,,,,0,,0,,,,,,,,
310,0,,,0,,,,0,0,0,0,0,,,,,,
320,0,,,0,,,,0,0,0,0,0,,,,,,
410,0,,,,,,,0,,,,,,,0,0,0,
420,0,,,,,,,0,,,,,,,0,0,0,
430,0,,,,,,,0,,,,,,,0,0,0,
510,0,,,0,,,,0,0,0,0,,,,,,,
520,0,,,0,,,,0,0,0,0,,,,,,,
600,0,,,0,,,,0,0,0,0,,,,,,,
700,0,,,0,,,,0,,0,,,,,,,,
800,0,,,0,,,,0,0,0,0,0,,,0,0,0,
900,0,1.0000,0,0,,,,0,0,0,0,,,,,,,
1000,0,0.5000,0,0,,,,0,0,0,0,,,,,,,
1110,0,0.2000,0,0,,,,0,0,0,0,,,,,,,
1120,0,0.5000,0,0,,,,0,0,0,0,,,,,,,
1200,0,1.0000,0,0,0,0,,0,0,0,0,,,,,0,0,
1310,0,0.2000,0,0,,,,0,0,0,0,,,,,,,
1320,0,0.5000,0,0,,,,0,0,0,0,,,,,,,
1330,0,0.2000,0,0,,,,0,0,0,0,,,,,,,
1400,0,,0,0,,,0,0,0,0,0,,,,,0,0,
1500,0,,0,0,0,0,,0,0,0,0,,,,,,,
1600,,,0,0,,,,0,0,0,0,,0,0,0,,,
1700,0,1.0000,0,0,,,,0,0,0,0,,,,,0,0,
1800,,,,0,0,0,0,0,0,0,0,0,0,0,0,0,0,
1900,,,,0,0,0,0,0,0,0,0,0,0,0,0,0,0,
2000,,,,,,,,,,,,,,,,,,
2100,,,,0,0,0,0,0,0,0,0,0,0,0,0,0,0,
0,0,0,0,0,0,0
7,25,715,9,2022,725715,
100,1050,,,1050,,,,0,0,0,0,,,,,,,
210,0,,,0,,,,0,0,0,0,,,,,,,
220,0,,,0,,,,0,,0,,,,,,,,
310,0,,,0,,,,0,0,0,0,0,,,,,,
320,0,,,0,,,,0,0,0,0,0,,,,,,
410,0,,,,,,,0,,,,,,,0,0,0,
420,0,,,,,,,0,,,,,,,0,0,0,
430,0,,,,,,,0,,,,,,,0,0,0,
510,409002,,,13,,,,8579,40,399338,1032,,,,,,,
520,0,,,0,,,,0,0,0,0,,,,,,,
600,0,,,0,,,,0,0,0,0,,,,,,,
700,6694,,,0,,,,0,,6694,,,,,,,,
800,416746,,,1063,,,,8579,40,406032,1032,0,,,0,0,0,
900,132,1.0000,132,0,,,,0,0,132,0,,,,,,,
1000,0,0.5000,0,0,,,,0,0,0,0,,,,,,,
1110,0,0.2000,0,0,,,,0,0,0,0,,,,,,,
1120,100,0.5000,50,0,,,,0,0,50,0,,,,,,,
1200,0,1.0000,0,0,0,0,,0,0,0,0,,,,,0,0,
1310,8064,0.2000,1613,0,,,,0,0,1612,1,,,,,,,
1320,33982,0.5000,16991,0,,,,0,0,16940,51,,,,,,,
1330,0,0.2000,0,0,,,,0,0,0,0,,,,,,,
1400,0,,0,0,,,0,0,0,0,0,,,,,0,0,
1500,0,,0,0,0,0,,0,0,0,0,,,,,,,
1600,,,0,0,,,,0,0,0,0,,0,0,0,,,
1700,0,1.0000,0,0,,,,0,0,0,0,,,,,0,0,
1800,,,,0,0,0,0,0,0,18734,52,0,0,0,0,0,0,
1900,,,,1063,0,0,0,8579,40,424766,1084,0,0,0,0,0,0,
2000,,,,,,,,,,,,,,,,,,
2100,,,,0,0,0,0,1716,20,424766,1626,0,0,0,0,0,0,
428128,12320,12320,428128,0,428128,426915
7,10,269,9,2022,710269,
100,1596,,,-5287,,,,6882,0,0,0,,,,,,,
210,0,,,0,,,,0,0,0,0,,,,,,,
220,0,,,0,,,,0,,0,,,,,,,,
310,162866,,,162041,,,,825,0,0,0,0,,,,,,
320,0,,,0,,,,0,0,0,0,0,,,,,,
410,0,,,,,,,0,,,,,,,0,0,0,
420,0,,,,,,,0,,,,,,,0,0,0,
430,0,,,,,,,0,,,,,,,0,0,0,
510,2671722,,,121604,,,,176619,29216,2324026,20256,,,,,,,
520,0,,,0,,,,0,0,0,0,,,,,,,
600,0,,,0,,,,0,0,0,0,,,,,,,
700,32843,,,0,,,,0,,32843,,,,,,,,
800,2869027,,,278358,,,,184326,29216,2356869,20256,0,,,0,0,0,
900,5754,1.0000,5754,0,,,,0,0,5754,0,,,,,,,
1000,56,0.5000,28,0,,,,0,0,28,0,,,,,,,
1110,28,0.2000,6,0,,,,0,0,6,0,,,,,,,
1120,19,0.5000,10,0,,,,0,0,10,0,,,,,,,
1200,0,1.0000,0,0,0,0,,0,0,0,0,,,,,0,0,
1310,255011,0.2000,51003,0,,,,1878,1123,47965,37,,,,,,,
1320,538546,0.5000,269273,25,,,,991,837,267346,74,,,,,,,
1330,0,0.2000,0,0,,,,0,0,0,0,,,,,,,
1400,0,,0,0,,,0,0,0,0,0,,,,,0,0,
1500,0,,0,0,0,0,,0,0,0,0,,,,,,,
1600,,,0,0,,,,0,0,0,0,,0,0,0,,,
1700,0,1.0000,0,0,,,,0,1430,0,0,,,,,0,0,
1800,,,,25,0,0,0,2869,3390,321109,111,0,0,0,0,0,0,
1900,,,,278383,0,0,0,187195,32606,2677978,20367,0,0,0,0,0,0,
2000,,,,,,,,,,,,,,,,,,
2100,,,,0,0,0,0,37439,16303,2677978,30551,0,0,0,0,0,0,
2762271,43405,43405,2762271,0,2762271,2747188
7,22,313,9,2022,722313,
100,0,,,0,,,,0,0,0,0,,,,,,,
210,0,,,0,,,,0,0,0,0,,,,,,,
220,0,,,0,,,,0,,0,,,,,,,,
310,0,,,0,,,,0,0,0,0,0,,,,,,
320,0,,,0,,,,0,0,0,0,0,,,,,,
410,0,,,,,,,0,,,,,,,0,0,0,
420,0,,,,,,,0,,,,,,,0,0,0,
430,0,,,,,,,0,,,,,,,0,0,0,
510,1771061,,,0,,,,31452,257765,1474743,7101,,,,,,,
520,0,,,0,,,,0,0,0,0,,,,,,,
600,0,,,0,,,,0,0,0,0,,,,,,,
700,25396,,,0,,,,182,,25214,,,,,,,,
800,1796457,,,0,,,,31634,257765,1499957,7101,0,,,0,0,0,
900,5344,1.0000,5344,0,,,,0,0,5344,0,,,,,,,
1000,40,0.5000,20,0,,,,0,0,20,0,,,,,,,
1110,0,0.2000,0,0,,,,0,0,0,0,,,,,,,
1120,0,0.5000,0,0,,,,0,0,0,0,,,,,,,
1200,0,1.0000,0,0,0,0,,0,0,0,0,,,,,0,0,
1310,24618,0.2000,4924,0,,,,204,0,4719,1,,,,,,,
1320,287690,0.5000,143845,0,,,,547,14712,128586,0,,,,,,,
1330,0,0.2000,0,0,,,,0,0,0,0,,,,,,,
1400,0,,0,0,,,0,0,0,0,0,,,,,0,0,
1500,0,,0,0,0,0,,0,0,0,0,,,,,,,
1600,,,0,0,,,,0,0,0,0,,0,0,0,,,
1700,0,1.0000,0,0,,,,0,0,0,0,,,,,0,0,
1800,,,,0,0,0,0,751,14712,138669,1,0,0,0,0,0,0,
1900,,,,0,0,0,0,32385,272477,1638626,7102,0,0,0,0,0,0,
2000,,,,,,,,,,,,,,,,,,
2100,,,,0,0,0,0,6477,136239,1638626,10653,0,0,0,0,0,0,
1791995,35178,35178,1791995,0,1791995,1789647
7,25,247,9,2022,725247,
100,857,,,857,,,,0,0,0,0,,,,,,,
210,0,,,0,,,,0,0,0,0,,,,,,,
220,0,,,0,,,,0,,0,,,,,,,,
310,34476,,,34476,,,,0,0,0,0,0,,,,,,
320,0,,,0,,,,0,0,0,0,0,,,,,,
410,0,,,,,,,0,,,,,,,0,0,0,
420,0,,,,,,,0,,,,,,,0,0,0,
430,0,,,,,,,0,,,,,,,0,0,0,
510,1247093,,,16884,,,,0,0,1216524,13685,,,,,,,
520,0,,,0,,,,0,0,0,0,,,,,,,
600,0,,,0,,,,0,0,0,0,,,,,,,
700,23191,,,0,,,,0,,23191,,,,,,,,
800,1305617,,,52217,,,,0,0,1239715,13685,0,,,0,0,0,
900,0,1.0000,0,0,,,,0,0,0,0,,,,,,,
1000,0,0.5000,0,0,,,,0,0,0,0,,,,,,,
1110,0,0.2000,0,0,,,,0,0,0,0,,,,,,,
1120,2374,0.5000,1187,0,,,,0,0,1187,0,,,,,,,
1200,0,1.0000,0,0,0,0,,0,0,0,0,,,,,0,0,
1310,76623,0.2000,15325,46,,,,0,0,15259,20,,,,,,,
1320,190899,0.5000,95450,82,,,,0,0,95129,239,,,,,,,
1330,0,0.2000,0,0,,,,0,0,0,0,,,,,,,
1400,0,,0,0,,,0,0,0,0,0,,,,,0,0,
1500,0,,0,0,0,0,,0,0,0,0,,,,,,,
1600,,,0,0,,,,0,0,0,0,,0,0,0,,,
1700,0,1.0000,0,0,,,,0,0,0,0,,,,,0,0,
1800,,,,128,0,0,0,0,0,111575,259,0,0,0,0,0,0,
1900,,,,52345,0,0,0,0,0,1351290,13944,0,0,0,0,0,0,
2000,,,,,,,,,,,,,,,,,,
2100,,,,0,0,0,0,0,0,1351290,20916,0,0,0,0,0,0,
1372206,34476,34579,1372103,0,1372103,1370204
7,25,947,9,2022,725947,
100,3360,,,3360,,,,0,0,0,0,,,,,,,
210,0,,,0,,,,0,0,0,0,,,,,,,
220,0,,,0,,,,0,,0,,,,,,,,
310,0,,,0,,,,0,0,0,0,0,,,,,,
320,0,,,0,,,,0,0,0,0,0,,,,,,
410,0,,,,,,,0,,,,,,,0,0,0,
420,0,,,,,,,0,,,,,,,0,0,0,
430,0,,,,,,,0,,,,,,,0,0,0,
510,1952175,,,0,,,,200347,4235,1735086,12507,,,,,,,
520,0,,,0,,,,0,0,0,0,,,,,,,
600,0,,,0,,,,0,0,0,0,,,,,,,
700,22286,,,0,,,,0,,22286,,,,,,,,
800,1977821,,,3360,,,,200347,4235,1757372,12507,0,,,0,0,0,
900,6487,1.0000,6487,0,,,,0,0,6487,0,,,,,,,
1000,0,0.5000,0,0,,,,0,0,0,0,,,,,,,
1110,0,0.2000,0,0,,,,0,0,0,0,,,,,,,
1120,250,0.5000,125,0,,,,0,0,125,0,,,,,,,
1200,0,1.0000,0,0,0,0,,0,0,0,0,,,,,0,0,
1310,44328,0.2000,8866,0,,,,0,0,8866,0,,,,,,,
1320,443554,0.5000,221777,0,,,,5180,0,216520,77,,,,,,,
1330,0,0.2000,0,0,,,,0,0,0,0,,,,,,,
1400,0,,0,0,,,0,0,0,0,0,,,,,0,0,
1500,0,,0,0,0,0,,0,0,0,0,,,,,,,
1600,,,0,0,,,,0,0,0,0,,0,0,0,,,
1700,0,1.0000,0,0,,,,0,0,0,0,,,,,0,0,
1800,,,,0,0,0,0,5180,0,231998,77,0,0,0,0,0,0,
1900,,,,3360,0,0,0,205527,4235,1989370,12584,0,0,0,0,0,0,
2000,,,,,,,,,,,,,,,,,,
2100,,,,0,0,0,0,41105,2118,1989370,18876,0,0,0,0,0,0,
2051469,64504,64504,2051469,0,2051469,2041889
7,22,12,9,2022,722012,
100,0,,,0,,,,0,0,0,0,,,,,,,
210,0,,,0,,,,0,0,0,0,,,,,,,
220,0,,,0,,,,0,,0,,,,,,,,
310,1895,,,1895,,,,0,0,0,0,0,,,,,,
320,0,,,0,,,,0,0,0,0,0,,,,,,
410,0,,,,,,,0,,,,,,,0,0,0,
420,0,,,,,,,0,,,,,,,0,0,0,
430,0,,,,,,,0,,,,,,,0,0,0,
510,12027154,,,16013,,,,356445,1188816,10449876,16005,,,,,,,
520,0,,,0,,,,0,0,0,0,,,,,,,
600,0,,,0,,,,0,0,0,0,,,,,,,
700,135353,,,0,,,,5352,,130001,,,,,,,,
800,12164402,,,17908,,,,361797,1188816,10579877,16005,0,,,0,0,0,
900,52284,1.0000,52284,0,,,,0,0,52284,0,,,,,,,
1000,266,0.5000,133,0,,,,0,0,133,0,,,,,,,
1110,0,0.2000,0,0,,,,0,0,0,0,,,,,,,
1120,0,0.5000,0,0,,,,0,0,0,0,,,,,,,
1200,0,1.0000,0,0,0,0,,0,0,0,0,,,,,0,0,
1310,450592,0.2000,90119,0,,,,5,158,89360,596,,,,,,,
1320,2914323,0.5000,1457162,0,,,,6181,40064,1408934,1983,,,,,,,
1330,0,0.2000,0,0,,,,0,0,0,0,,,,,,,
1400,0,,0,0,,,0,0,0,0,0,,,,,0,0,
1500,0,,0,0,0,0,,0,0,0,0,,,,,,,
1600,,,0,0,,,,0,0,0,0,,0,0,0,,,
1700,0,1.0000,0,0,,,,0,0,0,0,,,,,0,0,
1800,,,,0,0,0,0,6186,40222,1550711,2579,0,0,0,0,0,0,
1900,,,,17908,0,0,0,367983,1229038,12130588,18584,0,0,0,0,0,0,
2000,,,,,,,,,,,,,,,,,,
2100,,,,0,0,0,0,73597,614519,12130588,27876,0,0,0,0,0,0,
12846579,243323,243438,12846464,0,12846464,12806024
7,25,983,9,2022,725983,
100,2577,,,2553,,,,24,0,0,0,,,,,,,
210,0,,,0,,,,0,0,0,0,,,,,,,
220,0,,,0,,,,0,,0,,,,,,,,
310,0,,,0,,,,0,0,0,0,0,,,,,,
320,0,,,0,,,,0,0,0,0,0,,,,,,
410,0,,,,,,,0,,,,,,,0,0,0,
420,0,,,,,,,0,,,,,,,0,0,0,
430,0,,,,,,,0,,,,,,,0,0,0,
510,1294658,,,0,,,,138588,16005,1129872,10193,,,,,,,
520,0,,,0,,,,0,0,0,0,,,,,,,
600,0,,,0,,,,0,0,0,0,,,,,,,
700,18065,,,0,,,,1,,18065,,,,,,,,
800,1315300,,,2553,,,,138613,16005,1147937,10193,0,,,0,0,0,
900,1156,1.0000,1156,0,,,,0,0,1156,0,,,,,,,
1000,0,0.5000,0,0,,,,0,0,0,0,,,,,,,
1110,146,0.2000,29,0,,,,0,0,29,0,,,,,,,
1120,2,0.5000,1,0,,,,0,0,1,0,,,,,,,
1200,0,1.0000,0,0,0,0,,0,0,0,0,,,,,0,0,
1310,18252,0.2000,3651,0,,,,0,0,3651,0,,,,,,,
1320,34594,0.5000,17297,0,,,,74,0,17223,0,,,,,,,
1330,0,0.2000,0,0,,,,0,0,0,0,,,,,,,
1400,0,,0,0,,,0,0,0,0,0,,,,,0,0,
1500,0,,0,0,0,0,,0,0,0,0,,,,,,,
1600,,,0,0,,,,0,0,0,0,,0,0,0,,,
1700,0,1.0000,0,0,,,,0,0,0,0,,,,,0,0,
1800,,,,0,0,0,0,74,0,22060,0,0,0,0,0,0,0,
1900,,,,2553,0,0,0,138687,16005,1169997,10193,0,0,0,0,0,0,
2000,,,,,,,,,,,,,,,,,,
2100,,,,0,0,0,0,27737,8003,1169997,15290,0,0,0,0,0,0,
1221026,40823,40823,1221026,0,1221026,1219412
7,22,216,9,2022,722216,
100,0,,,0,,,,0,0,0,0,,,,,,,
210,0,,,0,,,,0,0,0,0,,,,,,,
220,0,,,0,,,,0,,0,,,,,,,,
310,0,,,0,,,,0,0,0,0,0,,,,,,
320,0,,,0,,,,0,0,0,0,0,,,,,,
410,685,,,,,,,0,,,,,,,685,0,0,
420,0,,,,,,,0,,,,,,,0,0,0,
430,0,,,,,,,0,,,,,,,0,0,0,
510,11217974,,,0,,,,336802,119756,10739642,21774,,,,,,,
520,0,,,0,,,,0,0,0,0,,,,,,,
600,0,,,0,,,,0,0,0,0,,,,,,,
700,150401,,,0,,,,6760,,143641,,,,,,,,
800,11369060,,,0,,,,343562,119756,10883283,21774,0,,,685,0,0,
900,62614,1.0000,62614,0,,,,0,0,62614,0,,,,,,,
1000,4803,0.5000,2401,0,,,,0,0,2401,0,,,,,,,
1110,0,0.2000,0,0,,,,0,0,0,0,,,,,,,
1120,0,0.5000,0,0,,,,0,0,0,0,,,,,,,
1200,0,1.0000,0,0,0,0,,0,0,0,0,,,,,0,0,
1310,657767,0.2000,131554,0,,,,4,0,131550,0,,,,,,,
1320,3714187,0.5000,1857094,0,,,,9375,14212,1833507,0,,,,,,,
1330,0,0.2000,0,0,,,,0,0,0,0,,,,,,,
1400,0,,0,0,,,0,60,0,0,0,,,,,0,0,
1500,0,,0,0,0,0,,0,0,0,0,,,,,,,
1600,,,0,0,,,,0,0,0,0,,0,0,0,,,
1700,0,1.0000,0,0,,,,0,0,0,0,,,,,0,0,
1800,,,,0,0,0,0,9439,14212,2030072,0,0,0,0,0,0,0,
1900,,,,0,0,0,0,353001,133968,12913355,21774,0,0,0,685,0,0,
2000,,,,,,,,,,,,,,,,,,
2100,,,,0,0,0,0,70600,66984,12913355,32661,0,0,0,8563,0,0,
13092163,254192,254432,13091923,0,13091923,13068916
7,10,549,9,2022,710549,
100,2,,,2,,,,0,0,0,0,,,,,,,
210,0,,,0,,,,0,0,0,0,,,,,,,
220,0,,,0,,,,0,,0,,,,,,,,
310,0,,,0,,,,0,0,0,0,0,,,,,,
320,0,,,0,,,,0,0,0,0,0,,,,,,
410,0,,,,,,,0,,,,,,,0,0,0,
420,0,,,,,,,0,,,,,,,0,0,0,
430,0,,,,,,,0,,,,,,,0,0,0,
510,651309,,,0,,,,24344,4235,619907,2823,,,,,,,
520,0,,,0,,,,0,0,0,0,,,,,,,
600,0,,,0,,,,0,0,0,0,,,,,,,
700,6868,,,0,,,,0,,6868,,,,,,,,
800,658179,,,2,,,,24344,4235,626775,2823,0,,,0,0,0,
900,447,1.0000,447,0,,,,0,0,447,0,,,,,,,
1000,126,0.5000,63,0,,,,0,0,63,0,,,,,,,
1110,0,0.2000,0,0,,,,0,0,0,0,,,,,,,
1120,0,0.5000,0,0,,,,0,0,0,0,,,,,,,
1200,0,1.0000,0,0,0,0,,0,0,0,0,,,,,0,0,
1310,32584,0.2000,6517,0,,,,0,38,6479,0,,,,,,,
1320,78792,0.5000,39396,0,,,,0,0,39363,33,,,,,,,
1330,0,0.2000,0,0,,,,0,0,0,0,,,,,,,
1400,0,,0,0,,,0,0,0,0,0,,,,,0,0,
1500,0,,0,0,0,0,,0,0,0,0,,,,,,,
1600,,,0,0,,,,0,0,0,0,,0,0,0,,,
1700,0,1.0000,0,0,,,,0,0,0,0,,,,,0,0,
1800,,,,0,0,0,0,0,38,46352,33,0,0,0,0,0,0,
1900,,,,2,0,0,0,24344,4273,673127,2856,0,0,0,0,0,0,
2000,,,,,,,,,,,,,,,,,,
2100,,,,0,0,0,0,4869,2137,673127,4284,0,0,0,0,0,0,
684416,9810,9810,684416,0,684416,682628
7,10,261,9,2022,710261,
100,32,,,32,,,,0,0,0,0,,,,,,,
210,0,,,0,,,,0,0,0,0,,,,,,,
220,0,,,0,,,,0,,0,,,,,,,,
310,546,,,0,,,,546,0,0,0,0,,,,,,
320,0,,,0,,,,0,0,0,0,0,,,,,,
410,0,,,,,,,0,,,,,,,0,0,0,
420,0,,,,,,,0,,,,,,,0,0,0,
430,0,,,,,,,0,,,,,,,0,0,0,
510,2218991,,,10549,,,,412916,34602,1751722,9203,,,,,,,
520,0,,,0,,,,0,0,0,0,,,,,,,
600,0,,,0,,,,0,0,0,0,,,,,,,
700,22819,,,0,,,,0,,22819,,,,,,,,
800,2242388,,,10581,,,,413462,34602,1774541,9203,0,,,0,0,0,
900,737,1.0000,737,0,,,,0,0,737,0,,,,,,,
1000,77,0.5000,38,0,,,,0,0,38,0,,,,,,,
1110,0,0.2000,0,0,,,,0,0,0,0,,,,,,,
1120,0,0.5000,0,0,,,,0,0,0,0,,,,,,,
1200,0,1.0000,0,0,0,0,,0,0,0,0,,,,,0,0,
1310,104298,0.2000,20860,0,,,,274,0,20577,9,,,,,,,
1320,136322,0.5000,68161,0,,,,300,2,67493,366,,,,,,,
1330,0,0.2000,0,0,,,,0,0,0,0,,,,,,,
1400,0,,0,0,,,0,0,0,0,0,,,,,0,0,
1500,0,,0,0,0,0,,0,0,0,0,,,,,,,
1600,,,0,0,,,,0,0,0,0,,0,0,0,,,
1700,0,1.0000,0,0,,,,0,0,0,0,,,,,0,0,
1800,,,,0,0,0,0,574,2,88845,375,0,0,0,0,0,0,
1900,,,,10581,0,0,0,414036,34604,1863386,9578,0,0,0,0,0,0,
2000,,,,,,,,,,,,,,,,,,
2100,,,,0,0,0,0,82807,17302,1863386,14367,0,0,0,0,0,0,
1977862,30927,32707,1976082,0,1976082,1973011
7,22,198,9,2022,722198,
100,21163,,,0,,,,21163,0,0,0,,,,,,,
210,0,,,0,,,,0,0,0,0,,,,,,,
220,0,,,0,,,,0,,0,,,,,,,,
310,51931,,,0,,,,0,0,51931,0,0,,,,,,
320,0,,,0,,,,0,0,0,0,0,,,,,,
410,0,,,,,,,0,,,,,,,0,0,0,
420,0,,,,,,,0,,,,,,,0,0,0,
430,0,,,,,,,0,,,,,,,0,0,0,
510,36789499,,,631440,,,,4583,568381,35459328,125767,,,,,,,
520,0,,,0,,,,0,0,0,0,,,,,,,
600,0,,,0,,,,0,0,0,0,,,,,,,
700,1243356,,,854198,,,,9990,,379168,,,,,,,,
800,38105949,,,1485638,,,,35736,568381,35890427,125767,0,,,0,0,0,
900,130208,1.0000,130208,0,,,,0,0,130208,0,,,,,,,
1000,0,0.5000,0,0,,,,0,0,0,0,,,,,,,
1110,0,0.2000,0,0,,,,0,0,0,0,,,,,,,
1120,0,0.5000,0,0,,,,0,0,0,0,,,,,,,
1200,0,1.0000,0,0,0,0,,0,0,0,0,,,,,0,0,
1310,4087359,0.2000,817472,0,,,,0,0,817472,0,,,,,,,
1320,7862307,0.5000,3931154,0,,,,0,0,3931154,0,,,,,,,
1330,0,0.2000,0,0,,,,0,0,0,0,,,,,,,
1400,0,,0,0,,,0,0,0,0,0,,,,,0,0,
1500,0,,0,0,0,0,,0,0,0,0,,,,,,,
1600,,,0,0,,,,0,0,0,0,,0,0,0,,,
1700,4868,1.0000,4868,0,,,,0,0,4868,0,,,,,0,0,
1800,,,,0,0,0,0,0,0,4883702,0,0,0,0,0,0,0,
1900,,,,1485638,0,0,0,35736,568381,40774129,125767,0,0,0,0,0,0,
2000,,,,,,,,,,,,,,,,,,
2100,,,,0,0,0,0,7147,284191,40774129,188651,0,0,0,0,0,0,
41254117,854198,854198,41254117,0,41254117,41193213
20,0,2,9,2022,2000002,
100,0,,,0,,,,0,0,0,0,,,,,,,
210,0,,,0,,,,0,0,0,0,,,,,,,
220,0,,,0,,,,0,,0,,,,,,,,
310,0,,,0,,,,0,0,0,0,0,,,,,,
320,0,,,0,,,,0,0,0,0,0,,,,,,
410,0,,,,,,,0,,,,,,,0,0,0,
420,0,,,,,,,0,,,,,,,0,0,0,
430,0,,,,,,,0,,,,,,,0,0,0,
510,0,,,0,,,,0,0,0,0,,,,,,,
520,0,,,0,,,,0,0,0,0,,,,,,,
600,0,,,0,,,,0,0,0,0,,,,,,,
700,0,,,0,,,,0,,0,,,,,,,,
800,0,,,0,,,,0,0,0,0,0,,,0,0,0,
900,0,1.0000,0,0,,,,0,0,0,0,,,,,,,
1000,0,0.5000,0,0,,,,0,0,0,0,,,,,,,
1110,0,0.2000,0,0,,,,0,0,0,0,,,,,,,
1120,0,0.5000,0,0,,,,0,0,0,0,,,,,,,
1200,0,1.0000,0,0,0,0,,0,0,0,0,,,,,0,0,
1310,0,0.2000,0,0,,,,0,0,0,0,,,,,,,
1320,0,0.5000,0,0,,,,0,0,0,0,,,,,,,
1330,0,0.2000,0,0,,,,0,0,0,0,,,,,,,
1400,0,,0,0,,,0,0,0,0,0,,,,,0,0,
1500,0,,0,0,0,0,,0,0,0,0,,,,,,,
1600,,,0,0,,,,0,0,0,0,,0,0,0,,,
1700,0,1.0000,0,0,,,,0,0,0,0,,,,,0,0,
1800,,,,0,0,0,0,0,0,0,0,0,0,0,0,0,0,
1900,,,,0,0,0,0,0,0,0,0,0,0,0,0,0,0,
2000,,,,,,,,,,,,,,,,,,
2100,,,,0,0,0,0,0,0,0,0,0,0,0,0,0,0,
0,0,0,0,0,0,0
20,0,9,9,2022,2000009,
100,0,,,0,,,,0,0,0,0,,,,,,,
210,0,,,0,,,,0,0,0,0,,,,,,,
220,0,,,0,,,,0,,0,,,,,,,,
310,0,,,0,,,,0,0,0,0,0,,,,,,
320,0,,,0,,,,0,0,0,0,0,,,,,,
410,0,,,,,,,0,,,,,,,0,0,0,
420,0,,,,,,,0,,,,,,,0,0,0,
430,0,,,,,,,0,,,,,,,0,0,0,
510,0,,,0,,,,0,0,0,0,,,,,,,
520,0,,,0,,,,0,0,0,0,,,,,,,
600,0,,,0,,,,0,0,0,0,,,,,,,
700,0,,,0,,,,0,,0,,,,,,,,
800,0,,,0,,,,0,0,0,0,0,,,0,0,0,
900,0,1.0000,0,0,,,,0,0,0,0,,,,,,,
1000,0,0.5000,0,0,,,,0,0,0,0,,,,,,,
1110,0,0.2000,0,0,,,,0,0,0,0,,,,,,,
1120,0,0.5000,0,0,,,,0,0,0,0,,,,,,,
1200,0,1.0000,0,0,0,0,,0,0,0,0,,,,,0,0,
1310,0,0.2000,0,0,,,,0,0,0,0,,,,,,,
1320,0,0.5000,0,0,,,,0,0,0,0,,,,,,,
1330,0,0.2000,0,0,,,,0,0,0,0,,,,,,,
1400,0,,0,0,,,0,0,0,0,0,,,,,0,0,
1500,0,,0,0,0,0,,0,0,0,0,,,,,,,
1600,,,0,0,,,,0,0,0,0,,0,0,0,,,
1700,0,1.0000,0,0,,,,0,0,0,0,,,,,0,0,
1800,,,,0,0,0,0,0,0,0,0,0,0,0,0,0,0,
1900,,,,0,0,0,0,0,0,0,0,0,0,0,0,0,0,
2000,,,,,,,,,,,,,,,,,,
2100,,,,0,0,0,0,0,0,0,0,0,0,0,0,0,0,
0,0,0,0,0,0,0
7,22,146,9,2022,722146,
100,0,,,0,,,,0,0,0,0,,,,,,,
210,0,,,0,,,,0,0,0,0,,,,,,,
220,0,,,0,,,,0,,0,,,,,,,,
310,48534,,,47904,,,,0,0,630,0,0,,,,,,
320,0,,,0,,,,0,0,0,0,0,,,,,,
410,0,,,,,,,0,,,,,,,0,0,0,
420,0,,,,,,,0,,,,,,,0,0,0,
430,0,,,,,,,0,,,,,,,0,0,0,
510,4917709,,,84266,,,,75844,3999,4750781,2819,,,,,,,
520,0,,,0,,,,0,0,0,0,,,,,,,
600,0,,,0,,,,0,0,0,0,,,,,,,
700,76056,,,0,,,,4662,,71394,,,,,,,,
800,5042299,,,132170,,,,80506,3999,4822805,2819,0,,,0,0,0,
900,26517,1.0000,26517,0,,,,0,0,26517,0,,,,,,,
1000,0,0.5000,0,0,,,,0,0,0,0,,,,,,,
1110,0,0.2000,0,0,,,,0,0,0,0,,,,,,,
1120,0,0.5000,0,0,,,,0,0,0,0,,,,,,,
1200,0,1.0000,0,0,0,0,,0,0,0,0,,,,,0,0,
1310,445489,0.2000,89098,0,,,,46,0,89052,0,,,,,,,
1320,1098817,0.5000,549409,155,,,,0,0,549254,0,,,,,,,
1330,0,0.2000,0,0,,,,0,0,0,0,,,,,,,
1400,0,,0,0,,,0,0,0,0,0,,,,,0,0,
1500,0,,0,0,0,0,,0,0,0,0,,,,,,,
1600,,,0,0,,,,0,0,0,0,,0,0,0,,,
1700,0,1.0000,0,0,,,,0,0,0,0,,,,,0,0,
1800,,,,155,0,0,0,46,0,664823,0,0,0,0,0,0,0,
1900,,,,132325,0,0,0,80552,3999,5487628,2819,0,0,0,0,0,0,
2000,,,,,,,,,,,,,,,,,,
2100,,,,0,0,0,0,16110,2000,5487628,4229,0,0,0,0,0,0,
5509966,161724,161904,5509786,0,5509786,5502454
7,10,862,9,2022,710862,
100,114,,,114,,,,0,0,0,0,,,,,,,
210,0,,,0,,,,0,0,0,0,,,,,,,
220,0,,,0,,,,0,,0,,,,,,,,
310,0,,,0,,,,0,0,0,0,0,,,,,,
320,0,,,0,,,,0,0,0,0,0,,,,,,
410,0,,,,,,,0,,,,,,,0,0,0,
420,0,,,,,,,0,,,,,,,0,0,0,
430,0,,,,,,,0,,,,,,,0,0,0,
510,366078,,,0,,,,56470,10431,296112,3066,,,,,,,
520,0,,,0,,,,0,0,0,0,,,,,,,
600,0,,,0,,,,0,0,0,0,,,,,,,
700,5052,,,0,,,,0,,5052,,,,,,,,
800,371244,,,114,,,,56470,10431,301164,3066,0,,,0,0,0,
900,39,1.0000,39,0,,,,0,0,39,0,,,,,,,
1000,20,0.5000,10,0,,,,0,0,10,0,,,,,,,
1110,0,0.2000,0,0,,,,0,0,0,0,,,,,,,
1120,0,0.5000,0,0,,,,0,0,0,0,,,,,,,
1200,0,1.0000,0,0,0,0,,0,0,0,0,,,,,0,0,
1310,3580,0.2000,716,0,,,,0,37,678,1,,,,,,,
1320,19896,0.5000,9948,0,,,,0,0,9926,22,,,,,,,
1330,0,0.2000,0,0,,,,0,0,0,0,,,,,,,
1400,0,,0,0,,,0,0,0,0,0,,,,,0,0,
1500,0,,0,0,0,0,,0,0,0,0,,,,,,,
1600,,,0,0,,,,0,0,0,0,,0,0,0,,,
1700,0,1.0000,0,0,,,,0,0,0,0,,,,,0,0,
1800,,,,0,0,0,0,0,37,10653,23,0,0,0,0,0,0,
1900,,,,114,0,0,0,56470,10468,311817,3089,0,0,0,0,0,0,
2000,,,,,,,,,,,,,,,,,,
2100,,,,0,0,0,0,11294,5234,311817,4634,0,0,0,0,0,0,
332979,5193,5193,332979,0,332979,331518
7,22,406,9,2022,722406,
100,0,,,0,,,,0,0,0,0,,,,,,,
210,0,,,0,,,,0,0,0,0,,,,,,,
220,0,,,0,,,,0,,0,,,,,,,,
310,18223,,,18301,,,,0,0,-78,0,0,,,,,,
320,0,,,0,,,,0,0,0,0,0,,,,,,
410,0,,,,,,,0,,,,,,,0,0,0,
420,0,,,,,,,0,,,,,,,0,0,0,
430,0,,,,,,,0,,,,,,,0,0,0,
510,930774,,,29358,,,,23788,2714,874420,494,,,,,,,
520,0,,,0,,,,0,0,0,0,,,,,,,
600,0,,,0,,,,0,0,0,0,,,,,,,
700,10803,,,0,,,,493,,10310,,,,,,,,
800,959800,,,47659,,,,24281,2714,884652,494,0,,,0,0,0,
900,2,1.0000,2,0,,,,0,0,2,0,,,,,,,
1000,0,0.5000,0,0,,,,0,0,0,0,,,,,,,
1110,0,0.2000,0,0,,,,0,0,0,0,,,,,,,
1120,0,0.5000,0,0,,,,0,0,0,0,,,,,,,
1200,0,1.0000,0,0,0,0,,0,0,0,0,,,,,0,0,
1310,48813,0.2000,9763,0,,,,0,0,9763,0,,,,,,,
1320,128578,0.5000,64289,0,,,,1020,0,63269,0,,,,,,,
1330,0,0.2000,0,0,,,,0,0,0,0,,,,,,,
1400,0,,0,0,,,0,0,0,0,0,,,,,0,0,
1500,0,,0,0,0,0,,0,0,0,0,,,,,,,
1600,,,0,0,,,,0,0,0,0,,0,0,0,,,
1700,0,1.0000,0,0,,,,0,0,0,0,,,,,0,0,
1800,,,,0,0,0,0,1020,0,73034,0,0,0,0,0,0,0,
1900,,,,47659,0,0,0,25301,2714,957686,494,0,0,0,0,0,0,
2000,,,,,,,,,,,,,,,,,,
2100,,,,0,0,0,0,5060,1357,957686,741,0,0,0,0,0,0,
964844,20629,20629,964844,0,964844,963736
7,22,114,9,2022,722114,
100,0,,,0,,,,0,0,0,0,,,,,,,
210,0,,,0,,,,0,0,0,0,,,,,,,
220,0,,,0,,,,0,,0,,,,,,,,
310,0,,,0,,,,0,0,0,0,0,,,,,,
320,0,,,0,,,,0,0,0,0,0,,,,,,
410,0,,,,,,,0,,,,,,,0,0,0,
420,0,,,,,,,0,,,,,,,0,0,0,
430,0,,,,,,,0,,,,,,,0,0,0,
510,1458683,,,243,,,,29613,5878,1419727,3222,,,,,,,
520,0,,,0,,,,0,0,0,0,,,,,,,
600,0,,,0,,,,0,0,0,0,,,,,,,
700,22563,,,0,,,,538,,22025,,,,,,,,
800,1481246,,,243,,,,30151,5878,1441752,3222,0,,,0,0,0,
900,8512,1.0000,8512,0,,,,0,0,8512,0,,,,,,,
1000,0,0.5000,0,0,,,,0,0,0,0,,,,,,,
1110,0,0.2000,0,0,,,,0,0,0,0,,,,,,,
1120,0,0.5000,0,0,,,,0,0,0,0,,,,,,,
1200,0,1.0000,0,0,0,0,,0,0,0,0,,,,,0,0,
1310,120285,0.2000,24057,0,,,,0,0,24057,0,,,,,,,
1320,420569,0.5000,210285,0,,,,1534,3061,205690,0,,,,,,,
1330,0,0.2000,0,0,,,,0,0,0,0,,,,,,,
1400,0,,0,0,,,0,0,0,0,0,,,,,0,0,
1500,0,,0,0,0,0,,0,0,0,0,,,,,,,
1600,,,0,0,,,,0,0,0,0,,0,0,0,,,
1700,0,1.0000,0,0,,,,0,0,0,0,,,,,0,0,
1800,,,,0,0,0,0,1534,3061,238259,0,0,0,0,0,0,0,
1900,,,,243,0,0,0,31685,8939,1680011,3222,0,0,0,0,0,0,
2000,,,,,,,,,,,,,,,,,,
2100,,,,0,0,0,0,6337,4470,1680011,4833,0,0,0,0,0,0,
1695651,31772,31772,1695651,0,1695651,1692803
7,25,450,9,2022,725450,
100,1261,,,0,,,,1261,0,0,0,,,,,,,
210,0,,,0,,,,0,0,0,0,,,,,,,
220,0,,,0,,,,0,,0,,,,,,,,
310,4533,,,0,,,,4533,0,0,0,0,,,,,,
320,0,,,0,,,,0,0,0,0,0,,,,,,
410,0,,,,,,,0,,,,,,,0,0,0,
420,0,,,,,,,0,,,,,,,0,0,0,
430,0,,,,,,,0,,,,,,,0,0,0,
510,4004,,,0,,,,451890,1645,3542284,8505,,,,,,,
520,0,,,0,,,,0,0,0,0,,,,,,,
600,0,,,0,,,,0,0,0,0,,,,,,,
700,25617,,,0,,,,0,,25617,,,,,,,,
800,35415,,,0,,,,457684,1645,3567901,8505,0,,,0,0,0,
900,0,1.0000,0,0,,,,0,0,0,0,,,,,,,
1000,0,0.5000,0,0,,,,0,0,0,0,,,,,,,
1110,0,0.2000,0,0,,,,0,0,0,0,,,,,,,
1120,0,0.5000,0,0,,,,0,0,0,0,,,,,,,
1200,0,1.0000,0,0,0,0,,0,0,0,0,,,,,0,0,
1310,103432,0.2000,20687,0,,,,0,0,20591,96,,,,,,,
1320,1080127,0.5000,540064,0,,,,33413,0,506471,180,,,,,,,
1330,0,0.2000,0,0,,,,0,0,0,0,,,,,,,
1400,0,,0,0,,,0,0,0,0,0,,,,,0,0,
1500,0,,0,0,0,0,,0,0,0,0,,,,,,,
1600,,,0,0,,,,0,0,0,0,,0,0,0,,,
1700,0,1.0000,0,0,,,,0,0,0,0,,,,,0,0,
1800,,,,0,0,0,0,33413,0,527062,276,0,0,0,0,0,0,
1900,,,,0,0,0,0,491097,1645,4094963,8781,0,0,0,0,0,0,
2000,,,,,,,,,,,,,,,,,,
2100,,,,0,0,0,0,98219,823,4094963,13172,0,0,0,0,0,0,
4207176,116050,116050,4207176,0,4207176,4195542
7,22,918,9,2022,722918,
100,0,,,0,,,,0,0,0,0,,,,,,,
210,0,,,0,,,,0,0,0,0,,,,,,,
220,0,,,0,,,,0,,0,,,,,,,,
310,1185418,,,742105,,,,391746,0,0,51567,0,,,,,,
320,0,,,0,,,,0,0,0,0,0,,,,,,
410,0,,,,,,,0,,,,,,,0,0,0,
420,0,,,,,,,0,,,,,,,0,0,0,
430,15328,,,,,,,0,,,,,,,15328,0,0,
510,25356325,,,460874,,,,774133,628374,23388080,104864,,,,,,,
520,0,,,0,,,,0,0,0,0,,,,,,,
600,20929,,,0,,,,0,6482,14447,0,,,,,,,
700,369536,,,0,,,,32588,,336948,,,,,,,,
800,26947536,,,1202979,,,,1198467,634856,23739475,156431,0,,,15328,0,0,
900,90971,1.0000,90971,0,,,,0,0,90971,0,,,,,,,
1000,0,0.5000,0,0,,,,0,0,0,0,,,,,,,
1110,0,0.2000,0,0,,,,0,0,0,0,,,,,,,
1120,2,0.5000,1,0,,,,0,0,1,0,,,,,,,
1200,0,1.0000,0,0,0,0,,0,0,0,0,,,,,0,0,
1310,2305797,0.2000,461160,0,,,,110,0,460830,220,,,,,,,
1320,3828194,0.5000,1914097,0,,,,2600,15760,1873647,22090,,,,,,,
1330,0,0.2000,0,0,,,,0,0,0,0,,,,,,,
1400,0,,0,0,,,0,40,0,252,0,,,,,0,0,
1500,0,,0,0,3861,0,,0,0,0,0,,,,,,,
1600,,,0,0,,,,0,0,0,0,,0,0,0,,,
1700,0,1.0000,0,0,,,,0,0,0,0,,,,,0,0,
1800,,,,0,3861,0,0,2750,15760,2425701,22310,0,0,0,0,0,0,
1900,,,,1202979,3861,0,0,1201217,650616,26165176,178741,0,0,0,15328,0,0,
2000,,,,,,,,,,,,,,,,,,
2100,,,,0,77,0,0,240243,325308,26165176,268112,0,0,0,191600,0,0,
27190516,719127,719456,27190187,0,27190187,27135422
7,20,188,9,2022,720188,
100,-242,,,-242,,,,1,0,0,0,,,,,,,
210,0,,,0,,,,0,0,0,0,,,,,,,
220,0,,,0,,,,0,,0,,,,,,,,
310,2169,,,2169,,,,0,0,0,0,0,,,,,,
320,0,,,0,,,,0,0,0,0,0,,,,,,
410,0,,,,,,,0,,,,,,,0,0,0,
420,0,,,,,,,0,,,,,,,0,0,0,
430,0,,,,,,,0,,,,,,,0,0,0,
510,791589,,,0,,,,134204,9439,646271,1675,,,,,,,
520,0,,,0,,,,0,0,0,0,,,,,,,
600,37,,,0,,,,0,37,0,0,,,,,,,
700,10223,,,0,,,,360,,9864,,,,,,,,
800,803776,,,1927,,,,134565,9476,656135,1675,0,,,0,0,0,
900,360,1.0000,360,0,,,,0,0,360,0,,,,,,,
1000,280,0.5000,140,0,,,,0,0,140,0,,,,,,,
1110,0,0.2000,0,0,,,,0,0,0,0,,,,,,,
1120,98,0.5000,49,0,,,,0,0,49,0,,,,,,,
1200,0,1.0000,0,0,0,0,,0,0,0,0,,,,,0,0,
1310,11847,0.2000,2370,0,,,,109,55,2206,0,,,,,,,
1320,168122,0.5000,84061,0,,,,4849,54,79158,0,,,,,,,
1330,0,0.2000,0,0,,,,0,0,0,0,,,,,,,
1400,0,,0,0,,,0,0,0,0,0,,,,,0,0,
1500,0,,0,0,0,0,,0,0,0,0,,,,,,,
1600,,,0,0,,,,0,0,0,0,,0,0,0,,,
1700,0,1.0000,0,0,,,,0,0,0,0,,,,,0,0,
1800,,,,0,0,0,0,4958,109,81913,0,0,0,0,0,0,0,
1900,,,,1927,0,0,0,139523,9585,738048,1675,0,0,0,0,0,0,
2000,,,,,,,,,,,,,,,,,,
2100,,,,0,0,0,0,27905,4793,738048,2513,0,0,0,0,0,0,
773258,9944,9944,773258,0,773258,770173
7,20,922,9,2022,720922,
100,538,,,319,,,,219,0,0,0,,,,,,,
210,0,,,0,,,,0,0,0,0,,,,,,,
220,0,,,0,,,,0,,0,,,,,,,,
310,0,,,0,,,,0,0,0,0,0,,,,,,
320,0,,,0,,,,0,0,0,0,0,,,,,,
410,0,,,,,,,0,,,,,,,0,0,0,
420,0,,,,,,,0,,,,,,,0,0,0,
430,0,,,,,,,0,,,,,,,0,0,0,
510,551402,,,18700,,,,53695,24839,449007,5160,,,,,,,
520,0,,,0,,,,0,0,0,0,,,,,,,
600,-98,,,0,,,,0,-98,0,0,,,,,,,
700,7543,,,0,,,,23,,7521,,,,,,,,
800,559385,,,19019,,,,53937,24741,456528,5160,0,,,0,0,0,
900,71,1.0000,71,0,,,,0,0,71,0,,,,,,,
1000,0,0.5000,0,0,,,,0,0,0,0,,,,,,,
1110,0,0.2000,0,0,,,,0,0,0,0,,,,,,,
1120,23,0.5000,12,0,,,,0,0,12,0,,,,,,,
1200,0,1.0000,0,0,0,0,,0,0,0,0,,,,,0,0,
1310,37295,0.2000,7459,0,,,,0,0,7459,0,,,,,,,
1320,114577,0.5000,57289,0,,,,51,632,56606,0,,,,,,,
1330,0,0.2000,0,0,,,,0,0,0,0,,,,,,,
1400,0,,0,0,,,0,0,0,0,0,,,,,0,0,
1500,0,,0,0,0,0,,0,0,0,0,,,,,,,
1600,,,0,0,,,,0,0,0,0,,0,0,0,,,
1700,0,1.0000,0,0,,,,0,0,0,0,,,,,0,0,
1800,,,,0,0,0,0,51,632,64148,0,0,0,0,0,0,0,
1900,,,,19019,0,0,0,53988,25373,520676,5160,0,0,0,0,0,0,
2000,,,,,,,,,,,,,,,,,,
2100,,,,0,0,0,0,10798,12687,520676,7740,0,0,0,0,0,0,
551900,6616,6616,551900,0,551900,545054
7,25,429,9,2022,725429,
100,6438,,,6438,,,,0,0,0,0,,,,,,,
210,0,,,0,,,,0,0,0,0,,,,,,,
220,0,,,0,,,,0,,0,,,,,,,,
310,0,,,0,,,,0,0,0,0,0,,,,,,
320,0,,,0,,,,0,0,0,0,0,,,,,,
410,0,,,,,,,0,,,,,,,0,0,0,
420,0,,,,,,,0,,,,,,,0,0,0,
430,0,,,,,,,0,,,,,,,0,0,0,
510,1510977,,,0,,,,24915,1550,1483643,868,,,,,,,
520,0,,,0,,,,0,0,0,0,,,,,,,
600,0,,,0,,,,0,0,0,0,,,,,,,
700,16863,,,0,,,,184,,16679,,,,,,,,
800,1534278,,,6438,,,,25099,1550,1500322,868,0,,,0,0,0,
900,317,1.0000,317,0,,,,0,0,317,0,,,,,,,
1000,4,0.5000,2,0,,,,0,0,2,0,,,,,,,
1110,0,0.2000,0,0,,,,0,0,0,0,,,,,,,
1120,0,0.5000,0,0,,,,0,0,0,0,,,,,,,
1200,0,1.0000,0,0,0,0,,0,0,0,0,,,,,0,0,
1310,242581,0.2000,48517,0,,,,35,0,48482,0,,,,,,,
1320,148469,0.5000,74235,0,,,,0,0,74234,0,,,,,,,
1330,0,0.2000,0,0,,,,0,0,0,0,,,,,,,
1400,0,,0,0,,,0,0,0,0,0,,,,,0,0,
1500,0,,0,0,0,0,,0,0,0,0,,,,,,,
1600,,,0,0,,,,0,0,0,0,,0,0,0,,,
1700,0,1.0000,0,0,,,,0,0,0,0,,,,,0,0,
1800,,,,0,0,0,0,35,0,123035,0,0,0,0,0,0,0,
1900,,,,6438,0,0,0,25134,1550,1623357,868,0,0,0,0,0,0,
2000,,,,,,,,,,,,,,,,,,
2100,,,,0,0,0,0,5027,775,1623357,1302,0,0,0,0,0,0,
1630461,51289,51289,1630461,0,1630461,1628178
8,10,586,9,2022,810586,
100,15,,,15,,,,0,0,0,0,,,,,,,
210,0,,,0,,,,0,0,0,0,,,,,,,
220,0,,,0,,,,0,,0,,,,,,,,
310,0,,,0,,,,0,0,0,0,0,,,,,,
320,0,,,0,,,,0,0,0,0,0,,,,,,
410,0,,,,,,,0,,,,,,,0,0,0,
420,0,,,,,,,0,,,,,,,0,0,0,
430,0,,,,,,,0,,,,,,,0,0,0,
510,957037,,,0,,,,0,38379,916591,2067,,,,,,,
520,0,,,0,,,,0,0,0,0,,,,,,,
600,0,,,0,,,,0,0,0,0,,,,,,,
700,3568,,,0,,,,0,,3568,,,,,,,,
800,960620,,,15,,,,0,38379,920159,2067,0,,,0,0,0,
900,293,1.0000,293,0,,,,0,0,293,0,,,,,,,
1000,25,0.5000,12,0,,,,0,0,12,0,,,,,,,
1110,0,0.2000,0,0,,,,0,0,0,0,,,,,,,
1120,0,0.5000,0,0,,,,0,0,0,0,,,,,,,
1200,0,1.0000,0,0,0,0,,0,0,0,0,,,,,0,0,
1310,3968,0.2000,794,0,,,,0,22,772,0,,,,,,,
1320,53512,0.5000,26756,0,,,,0,0,26756,0,,,,,,,
1330,0,0.2000,0,0,,,,0,0,0,0,,,,,,,
1400,0,,0,0,,,0,0,0,0,0,,,,,0,0,
1500,0,,0,0,0,0,,0,0,0,0,,,,,,,
1600,,,0,0,,,,0,0,0,0,,0,0,0,,,
1700,0,1.0000,0,0,,,,0,0,0,0,,,,,0,0,
1800,,,,0,0,0,0,0,22,27833,0,0,0,0,0,0,0,
1900,,,,15,0,0,0,0,38401,947992,2067,0,0,0,0,0,0,
2000,,,,,,,,,,,,,,,,,,
2100,,,,0,0,0,0,0,19201,947992,3101,0,0,0,0,0,0,
970293,16525,16525,970293,0,970293,967896
7,20,105,9,2022,720105,
100,123,,,119,,,,3,0,0,0,,,,,,,
210,0,,,0,,,,0,0,0,0,,,,,,,
220,0,,,0,,,,0,,0,,,,,,,,
310,2534,,,0,,,,2046,0,488,0,0,,,,,,
320,0,,,0,,,,0,0,0,0,0,,,,,,
410,0,,,,,,,0,,,,,,,0,0,0,
420,0,,,,,,,0,,,,,,,0,0,0,
430,0,,,,,,,0,,,,,,,0,0,0,
510,1154794,,,0,,,,31676,8353,1110368,4398,,,,,,,
520,0,,,0,,,,0,0,0,0,,,,,,,
600,0,,,0,,,,0,0,0,0,,,,,,,
700,5471,,,0,,,,8,,5463,,,,,,,,
800,1162922,,,119,,,,33733,8353,1116319,4398,0,,,0,0,0,
900,553,1.0000,553,0,,,,0,0,553,0,,,,,,,
1000,124,0.5000,62,0,,,,0,0,62,0,,,,,,,
1110,0,0.2000,0,0,,,,0,0,0,0,,,,,,,
1120,46,0.5000,23,0,,,,0,0,23,0,,,,,,,
1200,0,1.0000,0,0,0,0,,0,0,0,0,,,,,0,0,
1310,45705,0.2000,9141,0,,,,477,86,8578,0,,,,,,,
1320,141230,0.5000,70615,0,,,,74,0,70541,0,,,,,,,
1330,0,0.2000,0,0,,,,0,0,0,0,,,,,,,
1400,0,,0,0,,,0,0,0,0,0,,,,,0,0,
1500,0,,0,0,0,0,,0,0,0,0,,,,,,,
1600,,,0,0,,,,0,0,0,0,,0,0,0,,,
1700,0,1.0000,0,0,,,,0,0,0,0,,,,,0,0,
1800,,,,0,0,0,0,551,86,79757,0,0,0,0,0,0,0,
1900,,,,119,0,0,0,34284,8439,1196076,4398,0,0,0,0,0,0,
2000,,,,,,,,,,,,,,,,,,
2100,,,,0,0,0,0,6857,4220,1196076,6597,0,0,0,0,0,0,
1213749,14940,14940,1213749,0,1213749,1205303
7,20,168,9,2022,720168,
100,395,,,250,,,,145,0,0,0,,,,,,,
210,0,,,0,,,,0,0,0,0,,,,,,,
220,0,,,0,,,,0,,0,,,,,,,,
310,4376,,,3382,,,,0,0,994,0,0,,,,,,
320,0,,,0,,,,0,0,0,0,0,,,,,,
410,0,,,,,,,0,,,,,,,0,0,0,
420,0,,,,,,,0,,,,,,,0,0,0,
430,0,,,,,,,0,,,,,,,0,0,0,
510,670316,,,4734,,,,66659,10186,580105,8633,,,,,,,
520,0,,,0,,,,0,0,0,0,,,,,,,
600,0,,,0,,,,0,0,0,0,,,,,,,
700,3922,,,0,,,,205,,3717,,,,,,,,
800,679009,,,8366,,,,67009,10186,584816,8633,0,,,0,0,0,
900,1123,1.0000,1123,0,,,,0,0,1123,0,,,,,,,
1000,48,0.5000,24,0,,,,0,0,24,0,,,,,,,
1110,0,0.2000,0,0,,,,0,0,0,0,,,,,,,
1120,33,0.5000,17,0,,,,0,0,17,0,,,,,,,
1200,0,1.0000,0,0,0,0,,0,0,0,0,,,,,0,0,
1310,22304,0.2000,4461,1891,,,,782,0,1788,0,,,,,,,
1320,86752,0.5000,43376,20867,,,,1903,0,20606,0,,,,,,,
1330,0,0.2000,0,0,,,,0,0,0,0,,,,,,,
1400,0,,0,0,,,0,0,0,0,0,,,,,0,0,
1500,0,,0,0,0,0,,0,0,0,0,,,,,,,
1600,,,0,0,,,,0,0,0,0,,0,0,0,,,
1700,0,1.0000,0,0,,,,0,0,0,0,,,,,0,0,
1800,,,,22758,0,0,0,2685,0,23558,0,0,0,0,0,0,0,
1900,,,,31124,0,0,0,69694,10186,608374,8633,0,0,0,0,0,0,
2000,,,,,,,,,,,,,,,,,,
2100,,,,0,0,0,0,13939,5093,608374,12950,0,0,0,0,0,0,
640355,16202,16202,640355,0,640355,635732
6,20,0,9,2022,620000,
100,976116,,,366013,,,,282636,0,327467,0,,,,,,,
210,0,,,0,,,,0,0,0,0,,,,,,,
220,0,,,0,,,,0,,0,,,,,,,,
310,15511,,,9866,,,,457,0,5188,0,0,,,,,,
320,9588443,,,4680077,,,,4908366,0,0,0,0,,,,,,
410,0,,,,,,,0,,,,,,,0,0,0,
420,321517,,,,,,,0,,,,,,,0,161947,0,
430,300,,,,,,,0,,,,,,,300,0,0,
510,9555586,,,8867,,,,647695,2261495,6611093,26435,,,,,,,
520,21001427,,,0,,,,20826978,174449,0,0,,,,,,,
600,0,,,0,,,,0,0,0,0,,,,,,,
700,203365,,,0,,,,33548,,169817,,,,,,,,
800,41662265,,,5064823,,,,26699680,2435944,7113565,26435,0,,,300,161947,0,
900,62386,1.0000,62386,0,,,,0,0,62386,0,,,,,,,
1000,5464,0.5000,2732,0,,,,0,0,2732,0,,,,,,,
1110,1157,0.2000,231,0,,,,0,0,231,0,,,,,,,
1120,0,0.5000,0,0,,,,0,0,0,0,,,,,,,
1200,0,1.0000,0,0,0,0,,0,0,0,0,,,,,0,0,
1310,454064,0.2000,90813,0,,,,0,0,90813,0,,,,,,,
1320,3453607,0.5000,1726804,0,,,,0,0,1726804,0,,,,,,,
1330,4335014,0.2000,867003,0,,,,859656,7347,0,0,,,,,,,
1400,44563,,0,0,,,0,44563,0,0,0,,,,,0,0,
1500,0,,0,0,0,0,,0,0,0,0,,,,,,,
1600,,,0,0,,,,0,0,0,0,,0,0,0,,,
1700,0,1.0000,0,0,,,,0,0,0,0,,,,,0,0,
1800,,,,0,0,0,0,904219,7347,1882966,0,0,0,0,0,0,0,
1900,,,,5064823,0,0,0,27603899,2443291,8996531,26435,0,0,0,300,161947,0,
2000,,,,,,,,,,,,,,,,,,
2100,,,,0,0,0,0,5520780,1221646,8996531,39653,0,0,0,3750,161947,0,
15944306,81005,81005,15944306,0,15944306,15922915
9,25,0,9,2022,925000,
100,232264,,,31661,,,,200603,0,0,0,,,,,,,
210,18753,,,0,,,,18753,0,0,0,,,,,,,
220,8343904,,,0,,,,0,,0,,,,,,,,
310,0,,,0,,,,0,0,0,0,0,,,,,,
320,36130433,,,18772695,,,,16831092,0,511272,15374,0,,,,,,
410,0,,,,,,,0,,,,,,,0,0,0,
420,221084,,,,,,,0,,,,,,,0,0,226823,
430,2371,,,,,,,0,,,,,,,0,0,0,
510,64976626,,,1904742,,,,1240557,13308040,46528381,1940471,,,,,,,
520,68389899,,,5137,,,,68325615,0,59147,0,,,,,,,
600,0,,,0,,,,0,0,0,0,,,,,,,
700,-622088,,,-1421761,,,,131958,,667715,,,,,,,,
800,177693246,,,19292474,,,,86748578,13308040,47766515,1955845,0,,,0,0,226823,
900,1695893,1.0000,1695893,13663,,,,0,246331,1435185,714,,,,,,,
1000,286708,0.5000,143354,0,,,,0,33780,109574,0,,,,,,,
1110,89652,0.2000,17930,0,,,,0,0,17930,0,,,,,,,
1120,0,0.5000,0,0,,,,0,0,0,0,,,,,,,
1200,47003,1.0000,47003,46972,0,0,,31,0,0,0,,,,,0,0,
1310,22570946,0.2000,4514190,0,,,,0,537502,3707073,269327,,,,,,,
1320,16813045,0.5000,8406523,0,,,,0,2009190,6392212,4176,,,,,,,
1330,12214836,0.2000,2442967,0,,,,2442967,0,0,0,,,,,,,
1400,0,,0,378185,,,0,132292,0,74979,8500,,,,,0,0,
1500,0,,0,58859,51318,0,,0,0,0,0,,,,,,,
1600,,,0,0,,,,0,0,0,0,,0,0,0,,,
1700,0,1.0000,0,0,,,,0,0,0,0,,,,,0,0,
1800,,,,497679,51318,0,0,2575290,2826803,11736953,282717,0,0,0,0,0,0,
1900,,,,19790153,51318,0,0,89323868,16134843,59503468,2238562,0,0,0,0,0,226823,
2000,,,,,,,,,,,,,,,,,,
2100,,,,0,1026,0,0,17864774,8067422,59503468,3357843,0,0,0,0,0,226823,
89021355,-271405,-242987,88992937,0,88992937,88300505
7,10,985,9,2022,710985,
100,28,,,28,,,,0,0,0,0,,,,,,,
210,0,,,0,,,,0,0,0,0,,,,,,,
220,0,,,0,,,,0,,0,,,,,,,,
310,0,,,0,,,,0,0,0,0,0,,,,,,
320,0,,,0,,,,0,0,0,0,0,,,,,,
410,0,,,,,,,0,,,,,,,0,0,0,
420,0,,,,,,,0,,,,,,,0,0,0,
430,0,,,,,,,0,,,,,,,0,0,0,
510,1104886,,,0,,,,112482,17801,968373,6230,,,,,,,
520,0,,,0,,,,0,0,0,0,,,,,,,
600,0,,,0,,,,0,0,0,0,,,,,,,
700,16920,,,0,,,,0,,16920,,,,,,,,
800,1121834,,,28,,,,112482,17801,985293,6230,0,,,0,0,0,
900,312,1.0000,312,0,,,,0,0,312,0,,,,,,,
1000,24,0.5000,12,0,,,,0,0,12,0,,,,,,,
1110,0,0.2000,0,0,,,,0,0,0,0,,,,,,,
1120,0,0.5000,0,0,,,,0,0,0,0,,,,,,,
1200,0,1.0000,0,0,0,0,,0,0,0,0,,,,,0,0,
1310,23640,0.2000,4728,0,,,,0,0,4706,22,,,,,,,
1320,87891,0.5000,43946,0,,,,143,6,43779,17,,,,,,,
1330,0,0.2000,0,0,,,,0,0,0,0,,,,,,,
1400,0,,0,0,,,0,0,0,0,0,,,,,0,0,
1500,0,,0,0,0,0,,0,0,0,0,,,,,,,
1600,,,0,0,,,,0,0,0,0,,0,0,0,,,
1700,0,1.0000,0,0,,,,0,0,0,0,,,,,0,0,
1800,,,,0,0,0,0,143,6,48809,39,0,0,0,0,0,0,
1900,,,,28,0,0,0,112625,17807,1034102,6269,0,0,0,0,0,0,
2000,,,,,,,,,,,,,,,,,,
2100,,,,0,0,0,0,22525,8904,1034102,9404,0,0,0,0,0,0,
1074934,18127,18127,1074934,0,1074934,1071737
7,22,644,9,2022,722644,
100,0,,,0,,,,0,0,0,0,,,,,,,
210,0,,,0,,,,0,0,0,0,,,,,,,
220,0,,,0,,,,0,,0,,,,,,,,
310,0,,,0,,,,0,0,0,0,0,,,,,,
320,0,,,0,,,,0,0,0,0,0,,,,,,
410,0,,,,,,,0,,,,,,,0,0,0,
420,0,,,,,,,0,,,,,,,0,0,0,
430,0,,,,,,,0,,,,,,,0,0,0,
510,5718857,,,0,,,,267147,56731,5381821,13158,,,,,,,
520,0,,,0,,,,0,0,0,0,,,,,,,
600,0,,,0,,,,0,0,0,0,,,,,,,
700,85469,,,0,,,,1473,,83996,,,,,,,,
800,5804326,,,0,,,,268620,56731,5465817,13158,0,,,0,0,0,
900,20440,1.0000,20440,0,,,,0,0,20440,0,,,,,,,
1000,0,0.5000,0,0,,,,0,0,0,0,,,,,,,
1110,0,0.2000,0,0,,,,0,0,0,0,,,,,,,
1120,0,0.5000,0,0,,,,0,0,0,0,,,,,,,
1200,0,1.0000,0,0,0,0,,0,0,0,0,,,,,0,0,
1310,250068,0.2000,50014,0,,,,123,0,49891,0,,,,,,,
1320,1025962,0.5000,512981,0,,,,739,755,511484,3,,,,,,,
1330,0,0.2000,0,0,,,,0,0,0,0,,,,,,,
1400,0,,0,0,,,0,0,0,0,0,,,,,0,0,
1500,0,,0,0,0,0,,0,0,0,0,,,,,,,
1600,,,0,0,,,,0,0,0,0,,0,0,0,,,
1700,0,1.0000,0,0,,,,0,0,0,0,,,,,0,0,
1800,,,,0,0,0,0,862,755,581815,3,0,0,0,0,0,0,
1900,,,,0,0,0,0,269482,57486,6047632,13161,0,0,0,0,0,0,
2000,,,,,,,,,,,,,,,,,,
2100,,,,0,0,0,0,53896,28743,6047632,19742,0,0,0,0,0,0,
6150013,125932,125935,6150010,0,6150010,6133177
7,10,398,9,2022,710398,
100,149,,,149,,,,0,0,0,0,,,,,,,
210,0,,,0,,,,0,0,0,0,,,,,,,
220,0,,,0,,,,0,,0,,,,,,,,
310,0,,,0,,,,0,0,0,0,0,,,,,,
320,0,,,0,,,,0,0,0,0,0,,,,,,
410,0,,,,,,,0,,,,,,,0,0,0,
420,0,,,,,,,0,,,,,,,0,0,0,
430,0,,,,,,,0,,,,,,,0,0,0,
510,2484278,,,0,,,,66138,21843,2393635,2662,,,,,,,
520,0,,,0,,,,0,0,0,0,,,,,,,
600,0,,,0,,,,0,0,0,0,,,,,,,
700,7452,,,0,,,,0,,7452,,,,,,,,
800,2491879,,,149,,,,66138,21843,2401087,2662,0,,,0,0,0,
900,881,1.0000,881,0,,,,0,12,869,0,,,,,,,
1000,83,0.5000,41,0,,,,0,0,41,0,,,,,,,
1110,0,0.2000,0,0,,,,0,0,0,0,,,,,,,
1120,0,0.5000,0,0,,,,0,0,0,0,,,,,,,
1200,0,1.0000,0,0,0,0,,0,0,0,0,,,,,0,0,
1310,12310,0.2000,2462,0,,,,0,107,2353,2,,,,,,,
1320,158902,0.5000,79451,0,,,,0,3119,76332,0,,,,,,,
1330,0,0.2000,0,0,,,,0,0,0,0,,,,,,,
1400,0,,0,0,,,0,0,0,0,0,,,,,0,0,
1500,0,,0,0,0,0,,0,0,0,0,,,,,,,
1600,,,0,0,,,,0,0,0,0,,0,0,0,,,
1700,0,1.0000,0,0,,,,0,0,0,0,,,,,0,0,
1800,,,,0,0,0,0,0,3238,79595,2,0,0,0,0,0,0,
1900,,,,149,0,0,0,66138,25081,2480682,2664,0,0,0,0,0,0,
2000,,,,,,,,,,,,,,,,,,
2100,,,,0,0,0,0,13228,12541,2480682,3996,0,0,0,0,0,0,
2510446,34509,34509,2510446,0,2510446,2504178
7,25,488,9,2022,725488,
100,3036,,,2270,,,,766,0,0,0,,,,,,,
210,0,,,0,,,,0,0,0,0,,,,,,,
220,0,,,0,,,,0,,0,,,,,,,,
310,0,,,0,,,,0,0,0,0,0,,,,,,
320,0,,,0,,,,0,0,0,0,0,,,,,,
410,0,,,,,,,0,,,,,,,0,0,0,
420,0,,,,,,,0,,,,,,,0,0,0,
430,0,,,,,,,0,,,,,,,0,0,0,
510,913402,,,0,,,,16051,6217,889490,1644,,,,,,,
520,0,,,0,,,,0,0,0,0,,,,,,,
600,0,,,0,,,,0,0,0,0,,,,,,,
700,5976,,,0,,,,0,,5976,,,,,,,,
800,922414,,,2270,,,,16817,6217,895466,1644,0,,,0,0,0,
900,2749,1.0000,2749,0,,,,0,0,2749,0,,,,,,,
1000,0,0.5000,0,0,,,,0,0,0,0,,,,,,,
1110,0,0.2000,0,0,,,,0,0,0,0,,,,,,,
1120,0,0.5000,0,0,,,,0,0,0,0,,,,,,,
1200,0,1.0000,0,0,0,0,,0,0,0,0,,,,,0,0,
1310,90876,0.2000,18176,0,,,,0,0,18176,0,,,,,,,
1320,195474,0.5000,97737,0,,,,669,839,96155,74,,,,,,,
1330,0,0.2000,0,0,,,,0,0,0,0,,,,,,,
1400,0,,0,0,,,0,0,0,0,0,,,,,0,0,
1500,0,,0,0,0,0,,0,0,0,0,,,,,,,
1600,,,0,0,,,,0,0,0,0,,0,0,0,,,
1700,0,1.0000,0,0,,,,0,0,0,0,,,,,0,0,
1800,,,,0,0,0,0,669,839,117080,74,0,0,0,0,0,0,
1900,,,,2270,0,0,0,17486,7056,1012546,1718,0,0,0,0,0,0,
2000,,,,,,,,,,,,,,,,,,
2100,,,,0,0,0,0,3497,3528,1012546,2577,0,0,0,0,0,0,
1022148,25508,25508,1022148,0,1022148,1020465
7,10,973,9,2022,710973,
100,8,,,8,,,,0,0,0,0,,,,,,,
210,0,,,0,,,,0,0,0,0,,,,,,,
220,0,,,0,,,,0,,0,,,,,,,,
310,0,,,0,,,,0,0,0,0,0,,,,,,
320,0,,,0,,,,0,0,0,0,0,,,,,,
410,0,,,,,,,0,,,,,,,0,0,0,
420,0,,,,,,,0,,,,,,,0,0,0,
430,0,,,,,,,0,,,,,,,0,0,0,
510,965861,,,0,,,,7605,22780,933618,1859,,,,,,,
520,0,,,0,,,,0,0,0,0,,,,,,,
600,0,,,0,,,,0,0,0,0,,,,,,,
700,5255,,,0,,,,0,,5255,,,,,,,,
800,971124,,,8,,,,7605,22780,938873,1859,0,,,0,0,0,
900,148,1.0000,148,0,,,,0,0,148,0,,,,,,,
1000,14,0.5000,7,0,,,,0,0,7,0,,,,,,,
1110,2,0.2000,0,0,,,,0,0,0,0,,,,,,,
1120,12,0.5000,6,0,,,,0,0,6,0,,,,,,,
1200,0,1.0000,0,0,0,0,,0,0,0,0,,,,,0,0,
1310,6705,0.2000,1341,0,,,,0,7,1334,0,,,,,,,
1320,54759,0.5000,27380,0,,,,238,0,27030,112,,,,,,,
1330,0,0.2000,0,0,,,,0,0,0,0,,,,,,,
1400,0,,0,0,,,0,0,0,0,0,,,,,0,0,
1500,0,,0,0,0,0,,0,0,0,0,,,,,,,
1600,,,0,0,,,,0,0,0,0,,0,0,0,,,
1700,0,1.0000,0,0,,,,0,0,0,0,,,,,0,0,
1800,,,,0,0,0,0,238,7,28525,112,0,0,0,0,0,0,
1900,,,,8,0,0,0,7843,22787,967398,1971,0,0,0,0,0,0,
2000,,,,,,,,,,,,,,,,,,
2100,,,,0,0,0,0,1569,11394,967398,2957,0,0,0,0,0,0,
983317,14690,14690,983317,0,983317,982005
7,20,331,9,2022,720331,
100,152,,,142,,,,10,0,0,0,,,,,,,
210,0,,,0,,,,0,0,0,0,,,,,,,
220,0,,,0,,,,0,,0,,,,,,,,
310,684,,,544,,,,0,0,140,0,0,,,,,,
320,0,,,0,,,,0,0,0,0,0,,,,,,
410,0,,,,,,,0,,,,,,,0,0,0,
420,0,,,,,,,0,,,,,,,0,0,0,
430,0,,,,,,,0,,,,,,,0,0,0,
510,1855495,,,0,,,,115291,87624,1646229,6351,,,,,,,
520,0,,,0,,,,0,0,0,0,,,,,,,
600,892,,,0,,,,0,892,0,0,,,,,,,
700,25890,,,0,,,,-29,,25919,,,,,,,,
800,1883113,,,686,,,,115272,88516,1672288,6351,0,,,0,0,0,
900,1127,1.0000,1127,0,,,,0,0,1127,0,,,,,,,
1000,154,0.5000,77,0,,,,0,0,77,0,,,,,,,
1110,0,0.2000,0,0,,,,0,0,0,0,,,,,,,
1120,30,0.5000,15,0,,,,0,0,15,0,,,,,,,
1200,0,1.0000,0,0,0,0,,0,0,0,0,,,,,0,0,
1310,40412,0.2000,8083,0,,,,94,289,7700,0,,,,,,,
1320,178710,0.5000,89355,0,,,,1113,8732,79510,0,,,,,,,
1330,0,0.2000,0,0,,,,0,0,0,0,,,,,,,
1400,0,,0,0,,,0,0,0,0,0,,,,,0,0,
1500,0,,0,0,0,0,,0,0,0,0,,,,,,,
1600,,,0,0,,,,0,0,0,0,,0,0,0,,,
1700,0,1.0000,0,0,,,,0,0,0,0,,,,,0,0,
1800,,,,0,0,0,0,1207,9021,88429,0,0,0,0,0,0,0,
1900,,,,686,0,0,0,116479,97537,1760717,6351,0,0,0,0,0,0,
2000,,,,,,,,,,,,,,,,,,
2100,,,,0,0,0,0,23296,48769,1760717,9527,0,0,0,0,0,0,
1842308,21515,21515,1842308,0,1842308,1837201
7,20,40,9,2022,720040,
100,650,,,500,,,,150,0,0,0,,,,,,,
210,0,,,0,,,,0,0,0,0,,,,,,,
220,0,,,0,,,,0,,0,,,,,,,,
310,0,,,0,,,,0,0,0,0,0,,,,,,
320,0,,,0,,,,0,0,0,0,0,,,,,,
410,0,,,,,,,0,,,,,,,0,0,0,
420,0,,,,,,,0,,,,,,,0,0,0,
430,0,,,,,,,0,,,,,,,0,0,0,
510,686438,,,0,,,,75799,42247,567828,565,,,,,,,
520,0,,,0,,,,0,0,0,0,,,,,,,
600,186,,,0,,,,0,186,0,0,,,,,,,
700,5541,,,0,,,,13,,5528,,,,,,,,
800,692815,,,500,,,,75962,42433,573356,565,0,,,0,0,0,
900,12,1.0000,12,0,,,,0,0,12,0,,,,,,,
1000,0,0.5000,0,0,,,,0,0,0,0,,,,,,,
1110,0,0.2000,0,0,,,,0,0,0,0,,,,,,,
1120,0,0.5000,0,0,,,,0,0,0,0,,,,,,,
1200,0,1.0000,0,0,0,0,,0,0,0,0,,,,,0,0,
1310,17321,0.2000,3465,0,,,,54,28,3383,0,,,,,,,
1320,51228,0.5000,25614,0,,,,2827,0,22787,0,,,,,,,
1330,0,0.2000,0,0,,,,0,0,0,0,,,,,,,
1400,0,,0,0,,,0,0,0,0,0,,,,,0,0,
1500,0,,0,0,0,0,,0,0,0,0,,,,,,,
1600,,,0,0,,,,0,0,0,0,,0,0,0,,,
1700,0,1.0000,0,0,,,,0,0,0,0,,,,,0,0,
1800,,,,0,0,0,0,2881,28,26182,0,0,0,0,0,0,0,
1900,,,,500,0,0,0,78843,42461,599538,565,0,0,0,0,0,0,
2000,,,,,,,,,,,,,,,,,,
2100,,,,0,0,0,0,15769,21231,599538,848,0,0,0,0,0,0,
637385,8851,8851,637385,0,637385,632916
6,10,0,9,2022,610000,
100,71415,,,55867,,,,15548,0,0,0,,,,,,,
210,183795,,,0,,,,183795,0,0,0,,,,,,,
220,0,,,0,,,,0,,0,,,,,,,,
310,0,,,0,,,,0,0,0,0,0,,,,,,
320,6908357,,,4891555,,,,1769513,0,247289,0,0,,,,,,
410,0,,,,,,,0,,,,,,,0,0,0,
420,73408,,,,,,,0,,,,,,,41,0,89478,
430,0,,,,,,,0,,,,,,,0,0,0,
510,8276195,,,2056,,,,0,385488,7873431,15220,,,,,,,
520,19809946,,,0,,,,19809946,0,0,0,,,,,,,
600,0,,,0,,,,0,0,0,0,,,,,,,
700,290621,,,23870,,,,47234,,219517,,,,,,,,
800,35613737,,,4973348,,,,21826036,385488,8340237,15220,0,,,41,0,89478,
900,106335,1.0000,106335,0,,,,16487,534,89314,0,,,,,,,
1000,13697,0.5000,6848,0,,,,0,1600,5248,0,,,,,,,
1110,1955,0.2000,391,0,,,,0,0,391,0,,,,,,,
1120,12406,0.5000,6203,0,,,,0,9,6194,0,,,,,,,
1200,268,1.0000,268,0,0,0,,268,0,0,0,,,,,0,0,
1310,504602,0.2000,100921,0,,,,0,4557,96364,0,,,,,,,
1320,3694655,0.5000,1847328,0,,,,0,81475,1765416,436,,,,,,,
1330,4359966,0.2000,871993,0,,,,866982,0,5011,0,,,,,,,
1400,0,,0,0,,,0,47276,0,-56,0,,,,,0,0,
1500,0,,0,0,0,0,,0,0,0,0,,,,,,,
1600,,,0,0,,,,0,0,0,0,,0,0,0,,,
1700,3273,1.0000,3273,0,,,,3273,0,0,0,,,,,0,0,
1800,,,,0,0,0,0,934286,88175,1967882,436,0,0,0,0,0,0,
1900,,,,4973348,0,0,0,22760322,473663,10308119,15656,0,0,0,41,0,89478,
2000,,,,,,,,,,,,,,,,,,
2100,,,,0,0,0,0,4552064,236832,10308119,23484,0,0,0,513,0,89478,
15210489,159689,159689,15210489,0,15210489,15200515
7,20,335,9,2022,720335,
100,122,,,122,,,,0,0,0,0,,,,,,,
210,0,,,0,,,,0,0,0,0,,,,,,,
220,0,,,0,,,,0,,0,,,,,,,,
310,0,,,0,,,,0,0,0,0,0,,,,,,
320,0,,,0,,,,0,0,0,0,0,,,,,,
410,0,,,,,,,0,,,,,,,0,0,0,
420,0,,,,,,,0,,,,,,,0,0,0,
430,0,,,,,,,0,,,,,,,0,0,0,
510,1388260,,,0,,,,24164,30347,1323523,10225,,,,,,,
520,0,,,0,,,,0,0,0,0,,,,,,,
600,0,,,0,,,,0,0,0,0,,,,,,,
700,20228,,,0,,,,178,,20049,,,,,,,,
800,1408610,,,122,,,,24342,30347,1343572,10225,0,,,0,0,0,
900,832,1.0000,832,0,,,,0,0,832,0,,,,,,,
1000,565,0.5000,282,0,,,,0,0,282,0,,,,,,,
1110,0,0.2000,0,0,,,,0,0,0,0,,,,,,,
1120,0,0.5000,0,0,,,,0,0,0,0,,,,,,,
1200,0,1.0000,0,0,0,0,,0,0,0,0,,,,,0,0,
1310,11189,0.2000,2238,0,,,,205,-205,10563,-8325,,,,,,,
1320,44781,0.5000,22391,0,,,,3771,-3427,101599,-79552,,,,,,,
1330,0,0.2000,0,0,,,,0,0,0,0,,,,,,,
1400,0,,0,0,,,0,0,0,0,0,,,,,0,0,
1500,0,,0,0,0,0,,0,0,0,0,,,,,,,
1600,,,0,0,,,,0,0,0,0,,0,0,0,,,
1700,0,1.0000,0,0,,,,0,0,0,0,,,,,0,0,
1800,,,,0,0,0,0,3976,-3632,113276,-87877,0,0,0,0,0,0,
1900,,,,122,0,0,0,28318,26715,1456848,-77652,0,0,0,0,0,0,
2000,,,,,,,,,,,,,,,,,,
2100,,,,0,0,0,0,5664,13358,1456848,-116478,0,0,0,0,0,0,
1359391,14436,14436,1359391,0,1359391,1345875
6,22,0,9,2022,622000,
100,739936,,,688510,,,,51426,0,0,0,,,,,,,
210,242782,,,0,,,,242782,0,0,0,,,,,,,
220,0,,,0,,,,0,,0,,,,,,,,
310,0,,,0,,,,0,0,0,0,0,,,,,,
320,20268650,,,11214629,,,,4537950,0,4516071,0,0,,,,,,
410,0,,,,,,,0,,,,,,,0,0,0,
420,171409,,,,,,,0,,,,,,,0,0,171409,
430,0,,,,,,,0,,,,,,,0,0,0,
510,14568430,,,188,,,,24319,2561315,11921935,60673,,,,,,,
520,113143776,,,0,,,,112334309,0,809467,0,,,,,,,
600,0,,,0,,,,0,0,0,0,,,,,,,
700,333785,,,0,,,,121094,,212691,,,,,,,,
800,149468768,,,11903327,,,,117311880,2561315,17460164,60673,0,,,0,0,171409,
900,152369,1.0000,152369,0,,,,0,0,152369,0,,,,,,,
1000,0,0.5000,0,0,,,,0,0,0,0,,,,,,,
1110,0,0.2000,0,0,,,,0,0,0,0,,,,,,,
1120,0,0.5000,0,0,,,,0,0,0,0,,,,,,,
1200,0,1.0000,0,0,0,0,,0,0,0,0,,,,,0,0,
1310,1315166,0.2000,263034,0,,,,0,0,262885,149,,,,,,,
1320,1490393,0.5000,745197,0,,,,4,606,743970,617,,,,,,,
1330,20446315,0.2000,4089263,0,,,,3854074,0,235189,0,,,,,,,
1400,0,,0,2253,,,0,21336,0,681,0,,,,,0,0,
1500,0,,0,43824,11996,0,,0,0,0,0,,,,,,,
1600,,,0,0,,,,0,0,0,0,,0,0,0,,,
1700,0,1.0000,0,0,,,,0,0,0,0,,,,,0,0,
1800,,,,46077,11996,0,0,3875414,606,1395094,766,0,0,0,0,0,0,
1900,,,,11949404,11996,0,0,121187294,2561921,18855258,61439,0,0,0,0,0,171409,
2000,,,,,,,,,,,,,,,,,,
2100,,,,0,240,0,0,24237459,1280961,18855258,92159,0,0,0,0,0,171409,
44637485,10641,10641,44637485,0,44637485,44603060
7,25,898,9,2022,725898,
100,18269,,,7719,,,,10550,0,0,0,,,,,,,
210,0,,,0,,,,0,0,0,0,,,,,,,
220,0,,,0,,,,0,,0,,,,,,,,
310,0,,,0,,,,0,0,0,0,0,,,,,,
320,504630,,,504630,,,,0,0,0,0,0,,,,,,
410,0,,,,,,,0,,,,,,,0,0,0,
420,0,,,,,,,0,,,,,,,0,0,0,
430,0,,,,,,,0,,,,,,,0,0,0,
510,14239221,,,0,,,,107286,574649,13514015,43271,,,,,,,
520,0,,,0,,,,0,0,0,0,,,,,,,
600,0,,,0,,,,0,0,0,0,,,,,,,
700,135234,,,0,,,,3,,135231,,,,,,,,
800,14897354,,,512349,,,,117839,574649,13649246,43271,0,,,0,0,0,
900,73691,1.0000,73691,0,,,,0,0,73691,0,,,,,,,
1000,2609,0.5000,1304,0,,,,0,0,1304,0,,,,,,,
1110,0,0.2000,0,0,,,,0,0,0,0,,,,,,,
1120,9206,0.5000,4603,0,,,,0,0,4603,0,,,,,,,
1200,0,1.0000,0,0,0,0,,0,0,0,0,,,,,0,0,
1310,2010769,0.2000,402154,0,,,,3520,5680,392954,0,,,,,,,
1320,2580244,0.5000,1290122,0,,,,1258,17625,1271239,0,,,,,,,
1330,0,0.2000,0,0,,,,0,0,0,0,,,,,,,
1400,154,,0,0,,,0,154,0,0,0,,,,,0,0,
1500,0,,0,0,0,0,,0,0,0,0,,,,,,,
1600,,,0,0,,,,0,0,0,0,,0,0,0,,,
1700,0,1.0000,0,0,,,,0,0,0,0,,,,,0,0,
1800,,,,0,0,0,0,4932,23305,1743791,0,0,0,0,0,0,0,
1900,,,,512349,0,0,0,122771,597954,15393037,43271,0,0,0,0,0,0,
2000,,,,,,,,,,,,,,,,,,
2100,,,,0,0,0,0,24554,298977,15393037,64907,0,0,0,0,0,0,
15781475,391539,394638,15778376,0,15778376,15719365
7,25,839,9,2022,725839,
100,0,,,0,,,,0,0,0,0,,,,,,,
210,0,,,0,,,,0,0,0,0,,,,,,,
220,0,,,0,,,,0,,0,,,,,,,,
310,0,,,0,,,,0,0,0,0,0,,,,,,
320,0,,,0,,,,0,0,0,0,0,,,,,,
410,0,,,,,,,0,,,,,,,0,0,0,
420,0,,,,,,,0,,,,,,,0,0,0,
430,0,,,,,,,0,,,,,,,0,0,0,
510,2546016,,,18,,,,1140,9936,2527997,6925,,,,,,,
520,0,,,0,,,,0,0,0,0,,,,,,,
600,0,,,0,,,,0,0,0,0,,,,,,,
700,114677,,,73261,,,,266,,41150,,,,,,,,
800,2660693,,,73279,,,,1406,9936,2569147,6925,0,,,0,0,0,
900,6255,1.0000,6255,0,,,,0,0,6255,0,,,,,,,
1000,0,0.5000,0,0,,,,0,0,0,0,,,,,,,
1110,0,0.2000,0,0,,,,0,0,0,0,,,,,,,
1120,0,0.5000,0,0,,,,0,0,0,0,,,,,,,
1200,0,1.0000,0,0,0,0,,0,0,0,0,,,,,0,0,
1310,373159,0.2000,74632,0,,,,0,0,74632,0,,,,,,,
1320,506521,0.5000,253261,0,,,,0,0,253261,0,,,,,,,
1330,0,0.2000,0,0,,,,0,0,0,0,,,,,,,
1400,0,,0,0,,,0,0,0,0,0,,,,,0,0,
1500,0,,0,0,0,0,,0,0,0,0,,,,,,,
1600,,,0,0,,,,0,0,0,0,,0,0,0,,,
1700,730,1.0000,730,0,,,,0,0,730,0,,,,,0,0,
1800,,,,0,0,0,0,0,0,334878,0,0,0,0,0,0,0,
1900,,,,73279,0,0,0,1406,9936,2904025,6925,0,0,0,0,0,0,
2000,,,,,,,,,,,,,,,,,,
2100,,,,0,0,0,0,281,4968,2904025,10388,0,0,0,0,0,0,
2919662,73261,73261,2919662,0,2919662,2916230
7,20,194,9,2022,720194,
100,700,,,250,,,,450,0,0,0,,,,,,,
210,0,,,0,,,,0,0,0,0,,,,,,,
220,0,,,0,,,,0,,0,,,,,,,,
310,0,,,0,,,,0,0,0,0,0,,,,,,
320,0,,,0,,,,0,0,0,0,0,,,,,,
410,0,,,,,,,0,,,,,,,0,0,0,
420,0,,,,,,,0,,,,,,,0,0,0,
430,0,,,,,,,0,,,,,,,0,0,0,
510,2093000,,,5,,,,21105,61126,1989829,20936,,,,,,,
520,0,,,0,,,,0,0,0,0,,,,,,,
600,-122,,,0,,,,0,-122,0,0,,,,,,,
700,16752,,,0,,,,10,,16742,,,,,,,,
800,2110330,,,255,,,,21565,61004,2006571,20936,0,,,0,0,0,
900,146,1.0000,146,0,,,,0,0,146,0,,,,,,,
1000,0,0.5000,0,0,,,,0,0,0,0,,,,,,,
1110,0,0.2000,0,0,,,,0,0,0,0,,,,,,,
1120,0,0.5000,0,0,,,,0,0,0,0,,,,,,,
1200,0,1.0000,0,0,0,0,,0,0,0,0,,,,,0,0,
1310,63481,0.2000,12697,0,,,,79,398,12220,0,,,,,,,
1320,157170,0.5000,78585,0,,,,2134,78,76373,0,,,,,,,
1330,0,0.2000,0,0,,,,0,0,0,0,,,,,,,
1400,0,,0,0,,,0,0,0,0,0,,,,,0,0,
1500,0,,0,0,0,0,,0,0,0,0,,,,,,,
1600,,,0,0,,,,0,0,0,0,,0,0,0,,,
1700,0,1.0000,0,0,,,,0,0,0,0,,,,,0,0,
1800,,,,0,0,0,0,2213,476,88739,0,0,0,0,0,0,0,
1900,,,,255,0,0,0,23778,61480,2095310,20936,0,0,0,0,0,0,
2000,,,,,,,,,,,,,,,,,,
2100,,,,0,0,0,0,4756,30740,2095310,31404,0,0,0,0,0,0,
2162210,21738,21738,2162210,0,2162210,2143902
7,22,350,9,2022,722350,
100,0,,,0,,,,0,0,0,0,,,,,,,
210,0,,,0,,,,0,0,0,0,,,,,,,
220,0,,,0,,,,0,,0,,,,,,,,
310,198,,,198,,,,0,0,0,0,0,,,,,,
320,0,,,0,,,,0,0,0,0,0,,,,,,
410,0,,,,,,,0,,,,,,,0,0,0,
420,0,,,,,,,0,,,,,,,0,0,0,
430,0,,,,,,,0,,,,,,,0,0,0,
510,2210777,,,0,,,,37450,10567,2158739,4021,,,,,,,
520,0,,,0,,,,0,0,0,0,,,,,,,
600,0,,,0,,,,0,0,0,0,,,,,,,
700,14171,,,0,,,,642,,13529,,,,,,,,
800,2225146,,,198,,,,38092,10567,2172268,4021,0,,,0,0,0,
900,3490,1.0000,3490,0,,,,0,0,3490,0,,,,,,,
1000,0,0.5000,0,0,,,,0,0,0,0,,,,,,,
1110,0,0.2000,0,0,,,,0,0,0,0,,,,,,,
1120,0,0.5000,0,0,,,,0,0,0,0,,,,,,,
1200,0,1.0000,0,0,0,0,,0,0,0,0,,,,,0,0,
1310,136306,0.2000,27262,0,,,,560,3,26699,0,,,,,,,
1320,296594,0.5000,148297,0,,,,317,130,147847,3,,,,,,,
1330,0,0.2000,0,0,,,,0,0,0,0,,,,,,,
1400,0,,0,0,,,0,0,0,0,0,,,,,0,0,
1500,0,,0,0,0,0,,0,0,0,0,,,,,,,
1600,,,0,0,,,,0,0,0,0,,0,0,0,,,
1700,0,1.0000,0,0,,,,0,0,0,0,,,,,0,0,
1800,,,,0,0,0,0,877,133,178036,3,0,0,0,0,0,0,
1900,,,,198,0,0,0,38969,10700,2350304,4024,0,0,0,0,0,0,
2000,,,,,,,,,,,,,,,,,,
2100,,,,0,0,0,0,7794,5350,2350304,6036,0,0,0,0,0,0,
2369484,45728,45728,2369484,0,2369484,2359633
7,10,981,9,2022,710981,
100,16,,,16,,,,0,0,0,0,,,,,,,
210,0,,,0,,,,0,0,0,0,,,,,,,
220,0,,,0,,,,0,,0,,,,,,,,
310,1254,,,0,,,,1254,0,0,0,0,,,,,,
320,0,,,0,,,,0,0,0,0,0,,,,,,
410,0,,,,,,,0,,,,,,,0,0,0,
420,0,,,,,,,0,,,,,,,0,0,0,
430,0,,,,,,,0,,,,,,,0,0,0,
510,1351094,,,0,,,,100441,2766,1246633,1254,,,,,,,
520,0,,,0,,,,0,0,0,0,,,,,,,
600,0,,,0,,,,0,0,0,0,,,,,,,
700,17891,,,0,,,,0,,17891,,,,,,,,
800,1370255,,,16,,,,101695,2766,1264524,1254,0,,,0,0,0,
900,219,1.0000,219,0,,,,0,0,219,0,,,,,,,
1000,46,0.5000,23,0,,,,0,0,23,0,,,,,,,
1110,0,0.2000,0,0,,,,0,0,0,0,,,,,,,
1120,0,0.5000,0,0,,,,0,0,0,0,,,,,,,
1200,0,1.0000,0,0,0,0,,0,0,0,0,,,,,0,0,
1310,8450,0.2000,1690,0,,,,0,0,1687,3,,,,,,,
1320,92535,0.5000,46267,0,,,,151,0,46116,0,,,,,,,
1330,0,0.2000,0,0,,,,0,0,0,0,,,,,,,
1400,0,,0,0,,,0,0,0,0,0,,,,,0,0,
1500,0,,0,0,0,0,,0,0,0,0,,,,,,,
1600,,,0,0,,,,0,0,0,0,,0,0,0,,,
1700,0,1.0000,0,0,,,,0,0,0,0,,,,,0,0,
1800,,,,0,0,0,0,151,0,48045,3,0,0,0,0,0,0,
1900,,,,16,0,0,0,101846,2766,1312569,1257,0,0,0,0,0,0,
2000,,,,,,,,,,,,,,,,,,
2100,,,,0,0,0,0,20369,1383,1312569,1886,0,0,0,0,0,0,
1336206,21136,21136,1336206,0,1336206,1334570
7,22,825,9,2022,722825,
100,0,,,0,,,,0,0,0,0,,,,,,,
210,0,,,0,,,,0,0,0,0,,,,,,,
220,0,,,0,,,,0,,0,,,,,,,,
310,1045076,,,1040049,,,,0,0,5027,0,0,,,,,,
320,0,,,0,,,,0,0,0,0,0,,,,,,
410,0,,,,,,,0,,,,,,,0,0,0,
420,0,,,,,,,0,,,,,,,0,0,0,
430,0,,,,,,,0,,,,,,,0,0,0,
510,28068853,,,1065529,,,,422959,2507304,23962750,110311,,,,,,,
520,0,,,0,,,,0,0,0,0,,,,,,,
600,0,,,0,,,,0,0,0,0,,,,,,,
700,415912,,,0,,,,13507,,402405,,,,,,,,
800,29529841,,,2105578,,,,436466,2507304,24370182,110311,0,,,0,0,0,
900,36116,1.0000,36116,0,,,,0,0,36116,0,,,,,,,
1000,291,0.5000,145,0,,,,0,0,145,0,,,,,,,
1110,0,0.2000,0,0,,,,0,0,0,0,,,,,,,
1120,81,0.5000,41,0,,,,0,0,41,0,,,,,,,
1200,0,1.0000,0,0,0,0,,0,0,0,0,,,,,0,0,
1310,2523407,0.2000,504682,0,,,,57,49,504574,2,,,,,,,
1320,3704252,0.5000,1852126,2,,,,2440,188967,1659650,1067,,,,,,,
1330,0,0.2000,0,0,,,,0,0,0,0,,,,,,,
1400,0,,0,0,,,0,0,0,0,0,,,,,0,0,
1500,0,,0,0,0,0,,0,0,0,0,,,,,,,
1600,,,0,0,,,,0,0,0,0,,0,0,0,,,
1700,0,1.0000,0,0,,,,0,0,0,0,,,,,0,0,
1800,,,,2,0,0,0,2497,189016,2200526,1069,0,0,0,0,0,0,
1900,,,,2105580,0,0,0,438963,2696320,26570708,111380,0,0,0,0,0,0,
2000,,,,,,,,,,,,,,,,,,
2100,,,,0,0,0,0,87793,1348160,26570708,167070,0,0,0,0,0,0,
28173731,845589,845630,28173690,0,28173690,28110708
20,0,7,9,2022,2000007,
100,0,,,0,,,,0,0,0,0,,,,,,,
210,0,,,0,,,,0,0,0,0,,,,,,,
220,0,,,0,,,,0,,0,,,,,,,,
310,0,,,0,,,,0,0,0,0,0,,,,,,
320,0,,,0,,,,0,0,0,0,0,,,,,,
410,0,,,,,,,0,,,,,,,0,0,0,
420,0,,,,,,,0,,,,,,,0,0,0,
430,0,,,,,,,0,,,,,,,0,0,0,
510,0,,,0,,,,0,0,0,0,,,,,,,
520,0,,,0,,,,0,0,0,0,,,,,,,
600,0,,,0,,,,0,0,0,0,,,,,,,
700,0,,,0,,,,0,,0,,,,,,,,
800,0,,,0,,,,0,0,0,0,0,,,0,0,0,
900,0,1.0000,0,0,,,,0,0,0,0,,,,,,,
1000,0,0.5000,0,0,,,,0,0,0,0,,,,,,,
1110,0,0.2000,0,0,,,,0,0,0,0,,,,,,,
1120,0,0.5000,0,0,,,,0,0,0,0,,,,,,,
1200,0,1.0000,0,0,0,0,,0,0,0,0,,,,,0,0,
1310,0,0.2000,0,0,,,,0,0,0,0,,,,,,,
1320,0,0.5000,0,0,,,,0,0,0,0,,,,,,,
1330,0,0.2000,0,0,,,,0,0,0,0,,,,,,,
1400,0,,0,0,,,0,0,0,0,0,,,,,0,0,
1500,0,,0,0,0,0,,0,0,0,0,,,,,,,
1600,,,0,0,,,,0,0,0,0,,0,0,0,,,
1700,0,1.0000,0,0,,,,0,0,0,0,,,,,0,0,
1800,,,,0,0,0,0,0,0,0,0,0,0,0,0,0,0,
1900,,,,0,0,0,0,0,0,0,0,0,0,0,0,0,0,
2000,,,,,,,,,,,,,,,,,,
2100,,,,0,0,0,0,0,0,0,0,0,0,0,0,0,0,
0,0,0,0,0,0,0
7,25,676,9,2022,725676,
100,935,,,935,,,,0,0,0,0,,,,,,,
210,0,,,0,,,,0,0,0,0,,,,,,,
220,0,,,0,,,,0,,0,,,,,,,,
310,0,,,0,,,,0,0,0,0,0,,,,,,
320,0,,,0,,,,0,0,0,0,0,,,,,,
410,0,,,,,,,0,,,,,,,0,0,0,
420,0,,,,,,,0,,,,,,,0,0,0,
430,0,,,,,,,0,,,,,,,0,0,0,
510,1402693,,,2529,,,,9864,0,1388050,2249,,,,,,,
520,0,,,0,,,,0,0,0,0,,,,,,,
600,0,,,0,,,,0,0,0,0,,,,,,,
700,56812,,,36826,,,,0,,19987,,,,,,,,
800,1460440,,,40290,,,,9864,0,1408037,2249,0,,,0,0,0,
900,1784,1.0000,1784,0,,,,0,0,1784,0,,,,,,,
1000,8,0.5000,4,0,,,,0,0,4,0,,,,,,,
1110,620,0.2000,124,0,,,,0,0,124,0,,,,,,,
1120,0,0.5000,0,0,,,,0,0,0,0,,,,,,,
1200,0,1.0000,0,0,0,0,,0,0,0,0,,,,,0,0,
1310,76658,0.2000,15332,0,,,,0,0,15332,0,,,,,,,
1320,371406,0.5000,185703,0,,,,2917,0,182786,0,,,,,,,
1330,0,0.2000,0,0,,,,0,0,0,0,,,,,,,
1400,0,,0,0,,,0,0,0,0,0,,,,,0,0,
1500,0,,0,0,0,0,,0,0,0,0,,,,,,,
1600,,,0,0,,,,0,0,0,0,,0,0,0,,,
1700,0,1.0000,0,0,,,,0,0,0,0,,,,,0,0,
1800,,,,0,0,0,0,2917,0,200030,0,0,0,0,0,0,0,
1900,,,,40290,0,0,0,12781,0,1608067,2249,0,0,0,0,0,0,
2000,,,,,,,,,,,,,,,,,,
2100,,,,0,0,0,0,2556,0,1608067,3374,0,0,0,0,0,0,
1613997,43932,43932,1613997,0,1613997,1606891
7,20,376,9,2022,720376,
100,197,,,197,,,,0,0,0,0,,,,,,,
210,0,,,0,,,,0,0,0,0,,,,,,,
220,0,,,0,,,,0,,0,,,,,,,,
310,2191,,,2088,,,,0,0,103,0,0,,,,,,
320,0,,,0,,,,0,0,0,0,0,,,,,,
410,0,,,,,,,0,,,,,,,0,0,0,
420,0,,,,,,,0,,,,,,,0,0,0,
430,0,,,,,,,0,,,,,,,0,0,0,
510,1434898,,,0,,,,24760,15310,1392938,1891,,,,,,,
520,0,,,0,,,,0,0,0,0,,,,,,,
600,109,,,0,,,,0,0,109,0,,,,,,,
700,10254,,,0,,,,8,,10247,,,,,,,,
800,1447649,,,2285,,,,24768,15310,1403397,1891,0,,,0,0,0,
900,2548,1.0000,2548,0,,,,0,0,2548,0,,,,,,,
1000,1116,0.5000,558,0,,,,0,0,558,0,,,,,,,
1110,0,0.2000,0,0,,,,0,0,0,0,,,,,,,
1120,86,0.5000,43,0,,,,0,0,43,0,,,,,,,
1200,0,1.0000,0,0,0,0,,0,0,0,0,,,,,0,0,
1310,49219,0.2000,9844,0,,,,469,61,9314,0,,,,,,,
1320,390504,0.5000,195252,0,,,,1235,0,194017,0,,,,,,,
1330,0,0.2000,0,0,,,,0,0,0,0,,,,,,,
1400,0,,0,0,,,0,0,0,0,0,,,,,0,0,
1500,0,,0,0,0,0,,0,0,0,0,,,,,,,
1600,,,0,0,,,,0,0,0,0,,0,0,0,,,
1700,0,1.0000,0,0,,,,0,0,0,0,,,,,0,0,
1800,,,,0,0,0,0,1704,61,206480,0,0,0,0,0,0,0,
1900,,,,2285,0,0,0,26472,15371,1609877,1891,0,0,0,0,0,0,
2000,,,,,,,,,,,,,,,,,,
2100,,,,0,0,0,0,5294,7686,1609877,2837,0,0,0,0,0,0,
1625693,17526,17526,1625693,0,1625693,1616710
7,20,186,9,2022,720186,
100,9,,,9,,,,0,0,0,0,,,,,,,
210,0,,,0,,,,0,0,0,0,,,,,,,
220,0,,,0,,,,0,,0,,,,,,,,
310,0,,,0,,,,0,0,0,0,0,,,,,,
320,0,,,0,,,,0,0,0,0,0,,,,,,
410,0,,,,,,,0,,,,,,,0,0,0,
420,0,,,,,,,0,,,,,,,0,0,0,
430,0,,,,,,,0,,,,,,,0,0,0,
510,341003,,,0,,,,8645,3339,328780,239,,,,,,,
520,0,,,0,,,,0,0,0,0,,,,,,,
600,116,,,0,,,,0,0,116,0,,,,,,,
700,2467,,,0,,,,83,,2383,,,,,,,,
800,343595,,,9,,,,8728,3339,331279,239,0,,,0,0,0,
900,122,1.0000,122,0,,,,0,0,122,0,,,,,,,
1000,0,0.5000,0,0,,,,0,0,0,0,,,,,,,
1110,0,0.2000,0,0,,,,0,0,0,0,,,,,,,
1120,0,0.5000,0,0,,,,0,0,0,0,,,,,,,
1200,0,1.0000,0,0,0,0,,0,0,0,0,,,,,0,0,
1310,12101,0.2000,2421,0,,,,379,55,1986,0,,,,,,,
1320,26900,0.5000,13450,0,,,,239,0,13211,0,,,,,,,
1330,0,0.2000,0,0,,,,0,0,0,0,,,,,,,
1400,0,,0,0,,,0,0,0,0,0,,,,,0,0,
1500,0,,0,0,0,0,,0,0,0,0,,,,,,,
1600,,,0,0,,,,0,0,0,0,,0,0,0,,,
1700,0,1.0000,0,0,,,,0,0,0,0,,,,,0,0,
1800,,,,0,0,0,0,618,55,15319,0,0,0,0,0,0,0,
1900,,,,9,0,0,0,9346,3394,346598,239,0,0,0,0,0,0,
2000,,,,,,,,,,,,,,,,,,
2100,,,,0,0,0,0,1869,1697,346598,359,0,0,0,0,0,0,
350523,3762,3762,350523,590,349932,345572
7,20,60,9,2022,720060,
100,735,,,250,,,,485,0,0,0,,,,,,,
210,0,,,0,,,,0,0,0,0,,,,,,,
220,0,,,0,,,,0,,0,,,,,,,,
310,0,,,0,,,,0,0,0,0,0,,,,,,
320,0,,,0,,,,0,0,0,0,0,,,,,,
410,0,,,,,,,0,,,,,,,0,0,0,
420,0,,,,,,,0,,,,,,,0,0,0,
430,0,,,,,,,0,,,,,,,0,0,0,
510,179463,,,0,,,,25125,4742,145723,3874,,,,,,,
520,0,,,0,,,,0,0,0,0,,,,,,,
600,0,,,0,,,,0,0,0,0,,,,,,,
700,3078,,,0,,,,0,,3078,,,,,,,,
800,183276,,,250,,,,25610,4742,148801,3874,0,,,0,0,0,
900,246,1.0000,246,0,,,,0,0,246,0,,,,,,,
1000,0,0.5000,0,0,,,,0,0,0,0,,,,,,,
1110,0,0.2000,0,0,,,,0,0,0,0,,,,,,,
1120,44,0.5000,22,0,,,,0,0,22,0,,,,,,,
1200,0,1.0000,0,0,0,0,,0,0,0,0,,,,,0,0,
1310,1823,0.2000,365,0,,,,1,0,364,0,,,,,,,
1320,25773,0.5000,12887,0,,,,116,0,12771,0,,,,,,,
1330,0,0.2000,0,0,,,,0,0,0,0,,,,,,,
1400,0,,0,0,,,0,0,0,0,0,,,,,0,0,
1500,0,,0,0,0,0,,0,0,0,0,,,,,,,
1600,,,0,0,,,,0,0,0,0,,0,0,0,,,
1700,0,1.0000,0,0,,,,0,0,0,0,,,,,0,0,
1800,,,,0,0,0,0,117,0,13403,0,0,0,0,0,0,0,
1900,,,,250,0,0,0,25727,4742,162204,3874,0,0,0,0,0,0,
2000,,,,,,,,,,,,,,,,,,
2100,,,,0,0,0,0,5145,2371,162204,5811,0,0,0,0,0,0,
175531,1678,1678,175531,0,175531,174310
7,10,990,9,2022,710990,
100,21,,,21,,,,0,0,0,0,,,,,,,
210,0,,,0,,,,0,0,0,0,,,,,,,
220,0,,,0,,,,0,,0,,,,,,,,
310,0,,,0,,,,0,0,0,0,0,,,,,,
320,0,,,0,,,,0,0,0,0,0,,,,,,
410,0,,,,,,,0,,,,,,,0,0,0,
420,0,,,,,,,0,,,,,,,0,0,0,
430,0,,,,,,,0,,,,,,,0,0,0,
510,1294043,,,0,,,,8497,63564,1220176,1806,,,,,,,
520,0,,,0,,,,0,0,0,0,,,,,,,
600,0,,,0,,,,0,0,0,0,,,,,,,
700,9152,,,0,,,,0,,9152,,,,,,,,
800,1303216,,,21,,,,8497,63564,1229328,1806,0,,,0,0,0,
900,111,1.0000,111,0,,,,0,0,111,0,,,,,,,
1000,0,0.5000,0,0,,,,0,0,0,0,,,,,,,
1110,0,0.2000,0,0,,,,0,0,0,0,,,,,,,
1120,0,0.5000,0,0,,,,0,0,0,0,,,,,,,
1200,0,1.0000,0,0,0,0,,0,0,0,0,,,,,0,0,
1310,27543,0.2000,5509,0,,,,0,188,5321,0,,,,,,,
1320,90570,0.5000,45285,0,,,,0,48,45237,0,,,,,,,
1330,0,0.2000,0,0,,,,0,0,0,0,,,,,,,
1400,0,,0,0,,,0,0,0,0,0,,,,,0,0,
1500,0,,0,0,0,0,,0,0,0,0,,,,,,,
1600,,,0,0,,,,0,0,0,0,,0,0,0,,,
1700,0,1.0000,0,0,,,,0,0,0,0,,,,,0,0,
1800,,,,0,0,0,0,0,236,50669,0,0,0,0,0,0,0,
1900,,,,21,0,0,0,8497,63800,1279997,1806,0,0,0,0,0,0,
2000,,,,,,,,,,,,,,,,,,
2100,,,,0,0,0,0,1699,31900,1279997,2709,0,0,0,0,0,0,
1316305,20155,20155,1316305,0,1316305,1307650
7,20,735,9,2022,720735,
100,164,,,164,,,,0,0,0,0,,,,,,,
210,0,,,0,,,,0,0,0,0,,,,,,,
220,0,,,0,,,,0,,0,,,,,,,,
310,3630,,,2921,,,,0,0,709,0,0,,,,,,
320,0,,,0,,,,0,0,0,0,0,,,,,,
410,0,,,,,,,0,,,,,,,0,0,0,
420,0,,,,,,,0,,,,,,,0,0,0,
430,0,,,,,,,0,,,,,,,0,0,0,
510,2087761,,,0,,,,149835,12898,1916450,8578,,,,,,,
520,0,,,0,,,,0,0,0,0,,,,,,,
600,561,,,0,,,,0,561,0,0,,,,,,,
700,24817,,,0,,,,121,,24695,,,,,,,,
800,2116933,,,3085,,,,149956,13459,1941854,8578,0,,,0,0,0,
900,347,1.0000,347,0,,,,0,0,347,0,,,,,,,
1000,0,0.5000,0,0,,,,0,0,0,0,,,,,,,
1110,0,0.2000,0,0,,,,0,0,0,0,,,,,,,
1120,0,0.5000,0,0,,,,0,0,0,0,,,,,,,
1200,0,1.0000,0,0,0,0,,0,0,0,0,,,,,0,0,
1310,163975,0.2000,32795,0,,,,1122,835,30838,0,,,,,,,
1320,55771,0.5000,27886,0,,,,148,414,27323,0,,,,,,,
1330,0,0.2000,0,0,,,,0,0,0,0,,,,,,,
1400,0,,0,0,,,0,0,0,0,0,,,,,0,0,
1500,0,,0,0,0,0,,0,0,0,0,,,,,,,
1600,,,0,0,,,,0,0,0,0,,0,0,0,,,
1700,0,1.0000,0,0,,,,0,0,0,0,,,,,0,0,
1800,,,,0,0,0,0,1270,1249,58508,0,0,0,0,0,0,0,
1900,,,,3085,0,0,0,151226,14708,2000362,8578,0,0,0,0,0,0,
2000,,,,,,,,,,,,,,,,,,
2100,,,,0,0,0,0,30245,7354,2000362,12867,0,0,0,0,0,0,
2050828,27245,27245,2050828,0,2050828,2034071
7,25,646,9,2022,725646,
100,659,,,619,,,,40,0,0,0,,,,,,,
210,0,,,0,,,,0,0,0,0,,,,,,,
220,0,,,0,,,,0,,0,,,,,,,,
310,0,,,0,,,,0,0,0,0,0,,,,,,
320,0,,,0,,,,0,0,0,0,0,,,,,,
410,0,,,,,,,0,,,,,,,0,0,0,
420,0,,,,,,,0,,,,,,,0,0,0,
430,0,,,,,,,0,,,,,,,0,0,0,
510,267164,,,0,,,,24792,103,241690,579,,,,,,,
520,0,,,0,,,,0,0,0,0,,,,,,,
600,0,,,0,,,,0,0,0,0,,,,,,,
700,5345,,,0,,,,0,,5345,,,,,,,,
800,273168,,,619,,,,24832,103,247035,579,0,,,0,0,0,
900,488,1.0000,488,0,,,,0,0,488,0,,,,,,,
1000,0,0.5000,0,0,,,,0,0,0,0,,,,,,,
1110,0,0.2000,0,0,,,,0,0,0,0,,,,,,,
1120,0,0.5000,0,0,,,,0,0,0,0,,,,,,,
1200,0,1.0000,0,0,0,0,,0,0,0,0,,,,,0,0,
1310,3602,0.2000,721,0,,,,0,0,721,0,,,,,,,
1320,21339,0.5000,10670,0,,,,0,0,10670,0,,,,,,,
1330,0,0.2000,0,0,,,,0,0,0,0,,,,,,,
1400,0,,0,0,,,0,0,0,0,0,,,,,0,0,
1500,0,,0,0,0,0,,0,0,0,0,,,,,,,
1600,,,0,0,,,,0,0,0,0,,0,0,0,,,
1700,0,1.0000,0,0,,,,0,0,0,0,,,,,0,0,
1800,,,,0,0,0,0,0,0,11879,0,0,0,0,0,0,0,
1900,,,,619,0,0,0,24832,103,258914,579,0,0,0,0,0,0,
2000,,,,,,,,,,,,,,,,,,
2100,,,,0,0,0,0,4966,52,258914,869,0,0,0,0,0,0,
264800,7917,7917,264800,0,264800,264336
