6,10,0,9,2022,610000,212040,0,0,0,31717,613,244370,146086,0,0,146086,98284,1315,,3033,3893,1961,8887,15,39589,66327,0,66327,0,66327,120692,0,,-187229,0,-19,-121025,-54698,66223,0,0,0,-45
6,20,0,9,2022,620000,245787,0,0,0,54032,1103,300922,149954,0,0,149954,150968,1039,,142,7333,0,7475,-734,60162,96477,0,96477,0,96477,147979,435,,-336278,175,0,-336116,-239639,-13,0,0,0,31
6,22,0,9,2022,622000,766604,0,0,0,82186,44,848834,614445,0,11952,626397,222437,1000,,0,32711,0,32711,1593,46315,210426,0,210426,0,210426,618599,1163,,-156557,59,0,-58135,152291,98363,0,32136,0,-1000
7,10,56,9,2022,710056,4489,0,0,0,0,0,4489,,2245,0,2245,2244,97,,868,64,0,932,0,2029,1046,0,1046,0,1046,,27,2245,0,0,6,6,1052,0,0,0,0,4
7,10,261,9,2022,710261,26452,0,0,1,9,0,26462,,12347,0,12347,14115,-220,,4073,2222,0,6295,197,8663,12200,72,12128,0,12128,,20,12347,0,0,-6,-6,12122,0,0,0,0,-36
7,10,269,9,2022,710269,32071,0,0,0,673,0,32744,,15777,46,15823,16921,1554,,6769,3224,0,9993,0,11187,14096,0,14096,0,14096,,238,15777,46,0,-10,36,14132,0,0,0,0,77
7,10,398,9,2022,710398,30031,0,0,0,0,0,30031,,12678,0,12678,17353,2,,3628,211,0,3839,126,9391,11904,6,11898,0,11898,,69,12678,0,0,7,7,11905,0,0,0,3419,21
7,10,549,9,2022,710549,8195,0,0,0,0,0,8195,,3579,0,3579,4616,-112,,838,35,0,873,0,2335,3312,0,3312,0,3312,,0,3579,0,0,-5,-5,3307,0,0,0,0,-46
7,10,551,9,2022,710551,7636,0,0,0,0,0,7636,,3319,0,3319,4317,0,,997,56,0,1053,0,3080,2290,0,2290,0,2290,,19,3319,0,0,4,4,2294,0,0,0,0,0
7,10,566,9,2022,710566,144008,0,0,0,21,0,144029,,62020,0,62020,82009,4005,,18022,3603,0,21625,119,31930,67806,0,67806,0,67806,,257,62020,0,0,-17,-17,67789,0,0,0,361,12
7,10,862,9,2022,710862,4471,0,0,0,0,0,4471,,1934,0,1934,2537,-13,,534,140,0,674,0,1787,1437,0,1437,0,1437,,16,1934,0,0,0,0,1437,0,0,0,0,0
7,10,924,9,2022,710924,11996,0,0,0,0,0,11996,,5138,0,5138,6858,-132,,1504,-86,0,1418,0,3388,5020,-1,5021,0,5021,,76,5138,0,0,11,11,5032,0,0,0,0,0
7,10,973,9,2022,710973,10104,0,0,0,0,0,10104,,4483,0,4483,5621,0,,1281,104,0,1385,27,3101,3932,-18,3950,0,3950,,26,4483,0,0,-3,-3,3947,0,0,0,0,0
7,10,981,9,2022,710981,15105,0,0,0,15,0,15120,,6937,0,6937,8183,83,,2054,100,0,2154,8,3866,6387,0,6387,0,6387,,0,6937,0,0,-3,-3,6384,0,0,0,0,9
7,10,985,9,2022,710985,12470,0,0,0,0,2,12472,,5931,0,5931,6541,-136,,1850,273,0,2123,93,3957,4915,0,4915,0,4915,,4,5931,0,0,-2,-2,4913,0,0,0,0,21
7,10,990,9,2022,710990,14982,0,0,0,0,0,14982,,6729,0,6729,8253,-138,,1489,42,0,1531,51,4407,5566,0,5566,0,5566,,1,6729,0,0,0,0,5566,0,0,0,0,0
7,20,33,9,2022,720033,35799,0,0,4,0,0,35803,,17237,0,17237,18566,0,,6221,1540,0,7761,318,10786,15859,1,15858,0,15858,,9,17237,0,82,0,82,15940,0,0,0,0,0
7,20,40,9,2022,720040,8169,0,0,0,0,0,8169,,3904,0,3904,4265,0,,1363,196,0,1559,11,2365,3470,-6,3476,0,3476,,26,3904,0,0,0,0,3476,0,0,0,0,0
7,20,60,9,2022,720060,1807,0,0,0,0,0,1807,,976,0,976,831,62,,271,36,0,307,2,1149,-94,0,-94,0,-94,,7,976,0,0,0,0,-94,0,0,0,0,23
7,20,105,9,2022,720105,14043,0,0,6,38,0,14087,,6185,0,6185,7902,410,,3098,517,0,3615,44,5202,5949,18,5931,0,5931,,28,6185,0,4,0,4,5935,0,0,0,0,0
7,20,131,9,2022,720131,8193,0,88,2,66,0,8349,,3851,0,3851,4498,599,,1000,892,0,1892,-152,2727,2895,-34,2929,0,2929,,108,3851,-2,4,0,2,2931,0,0,0,0,17
7,20,143,9,2022,720143,10243,0,0,0,0,0,10243,,4386,0,4386,5857,-1742,,1086,257,0,1343,14,3479,5629,-8,5637,0,5637,,9,4387,0,20,0,20,5657,0,0,0,0,-152
7,20,168,9,2022,720168,7973,0,76,4,66,0,8119,,4033,0,4033,4086,0,,2089,186,0,2275,24,2866,3519,0,3519,0,3519,,0,4033,0,0,0,0,3519,0,0,0,424,0
7,20,186,9,2022,720186,4325,0,0,6,0,1,4332,,1843,5,1848,2484,-192,,667,37,0,704,113,1919,1574,4,1570,0,1570,,30,1843,0,0,0,0,1570,0,0,0,0,0
7,20,188,9,2022,720188,9584,0,0,0,6,0,9590,,4743,0,4743,4847,0,,1808,223,0,2031,37,3874,3041,0,3041,0,3041,,13,4743,0,54,0,54,3095,0,0,0,0,0
7,20,194,9,2022,720194,25997,0,0,0,0,0,25997,,11844,0,11844,14153,0,,3094,288,0,3382,259,8246,9548,33,9515,0,9515,,996,11844,0,0,0,0,9515,0,0,0,0,0
7,20,331,9,2022,720331,25735,0,8,0,10,0,25753,,10899,0,10899,14854,-748,,3143,1108,0,4251,395,10122,10183,4,10179,0,10179,,405,10899,0,35,0,35,10214,0,0,0,0,-57
7,20,335,9,2022,720335,16749,0,0,0,0,0,16749,,7640,0,7640,9109,-444,,2291,508,0,2799,-395,5805,6152,9,6143,0,6143,,57,7640,0,0,0,0,6143,0,0,0,0,0
7,20,336,9,2022,720336,17363,0,0,6,0,21,17390,,7178,0,7178,10212,-12,,2304,122,0,2426,-135,6075,6440,3,6437,0,6437,,458,7178,0,3,0,3,6440,0,0,0,0,0
7,20,345,9,2022,720345,80275,0,202,0,0,0,80477,,37681,0,37681,42796,0,,9809,2271,0,12080,91,20505,35036,339,34697,0,34697,,625,37682,0,3,0,3,34700,0,0,0,0,-574
7,20,376,9,2022,720376,18288,0,56,8,30,0,18382,,8605,0,8605,9777,-975,,2414,1385,0,3799,37,6359,8211,0,8211,0,8211,,351,8605,0,3,0,3,8214,0,0,0,0,18
7,20,735,9,2022,720735,29789,0,0,3,63,0,29855,,12295,0,12295,17560,-968,,3957,1929,0,5886,730,11784,13386,0,13386,0,13386,,465,12294,0,130,0,130,13516,0,0,0,0,-26
7,20,899,9,2022,720899,29671,0,0,0,75,1,29747,,14958,11,14969,14778,954,,5252,410,0,5662,-30,7157,12299,36,12263,0,12263,,518,14959,0,0,0,0,12263,0,0,0,0,0
7,20,922,9,2022,720922,6811,0,0,1,0,2,6814,,2994,32,3026,3788,-2953,,817,279,0,1096,63,3009,4891,3,4888,0,4888,,2,2994,0,0,0,0,4888,0,0,0,0,0
7,22,12,9,2022,722012,129113,0,0,45,-2,60,129216,,55241,0,55241,73975,-2194,,16063,10380,0,26443,0,32146,70466,-91,70557,0,70557,,646,55241,0,108,0,108,70665,0,0,0,2349,0
7,22,114,9,2022,722114,16121,0,0,0,0,0,16121,,6547,0,6547,9574,859,,1777,1799,0,3576,86,5449,6928,24,6904,0,6904,,-20,6547,0,39,0,39,6943,0,0,0,281,0
7,22,146,9,2022,722146,52937,0,0,0,279,144,53360,,21530,0,21530,31830,757,,8344,4020,0,12364,-10,20092,23335,0,23335,0,23335,,206,21530,0,69,0,69,23404,0,0,0,2727,0
7,22,198,9,2022,722198,377828,0,0,0,0,33,377861,,170240,62,170302,207559,-4042,,40510,55354,1446,97310,6429,122387,187953,1861,186092,0,186092,,-108,170240,0,0,0,0,186092,0,0,0,667,5000
7,22,216,9,2022,722216,122772,0,0,0,0,-5,122767,,51598,0,51598,71169,6645,,15374,18780,0,34154,-900,42867,57671,916,56755,0,56755,,-53,51598,0,313,0,313,57068,0,0,0,3337,-2760
7,22,308,9,2022,722308,13948,0,0,0,0,0,13948,,5338,0,5338,8610,312,,1578,532,0,2110,0,4572,5836,-44,5880,0,5880,,9,5338,0,12,0,12,5892,0,0,0,147,0
7,22,313,9,2022,722313,21077,0,0,0,0,0,21077,,8046,0,8046,13031,1013,,1928,790,0,2718,22,7820,6928,-100,7028,0,7028,,261,8046,0,0,0,0,7028,0,0,0,0,10
7,22,350,9,2022,722350,25006,0,0,0,2,0,25008,,10279,0,10279,14729,1829,,2477,784,0,3261,-7,6280,9884,291,9593,0,9593,,89,10279,0,54,0,54,9647,0,0,0,73,-10
7,22,406,9,2022,722406,11276,0,0,0,103,0,11379,,4380,0,4380,6999,-58,,1282,534,0,1816,12,3083,5802,-12,5814,0,5814,,21,4380,0,0,0,0,5814,0,0,0,284,0
7,22,644,9,2022,722644,61305,0,0,0,0,62,61367,,26251,26,26277,35090,0,,7213,3475,0,10688,23,16691,29110,52,29058,0,29058,,294,26251,0,0,0,0,29058,0,0,0,636,0
7,22,825,9,2022,722825,289032,0,0,0,4672,96,293800,,136833,0,136833,156967,-6410,,46068,18177,0,64245,6340,95151,138180,4317,133863,0,133863,,6668,136833,0,28,0,28,133891,0,0,0,12425,631
7,22,918,9,2022,722918,267841,36,0,0,8505,705,277087,,122470,1761,124231,152856,3517,,43215,28481,0,71696,4070,94065,131040,7689,123351,0,123351,,724,122470,0,1497,0,1497,124848,0,0,0,13136,0
7,25,31,9,2022,725031,4137,0,0,0,0,0,4137,,1442,60,1502,2635,40,,306,45,0,351,8,1271,1681,0,1681,0,1681,,0,1442,0,0,0,0,1681,0,0,0,0,2
7,25,131,9,2022,725131,21029,0,0,0,0,2,21031,,8365,12,8377,12654,-405,,1833,735,0,2568,522,6954,9302,3,9299,0,9299,,198,8365,0,40,0,40,9339,0,0,0,0,-107
7,25,247,9,2022,725247,14558,0,0,0,0,0,14558,,4626,140,4766,9792,170,,1218,129,0,1347,101,3886,7184,14,7170,0,7170,,73,4626,0,0,1,1,7171,0,0,0,0,0
7,25,256,9,2022,725256,208861,0,0,154,0,0,209015,,76101,2966,79067,129948,7230,,26059,6427,857,33343,181,72776,83051,0,83051,0,83051,,1114,76101,0,1052,0,1052,84103,0,0,0,0,415
7,25,326,9,2022,725326,123235,0,0,11,0,54,123300,,53563,10,53573,69727,-4125,,11462,8230,0,19692,-853,34895,57515,501,57014,0,57014,,370,53563,0,0,0,-17411,39603,-17411,0,0,0,281
7,25,429,9,2022,725429,16759,0,0,0,0,0,16759,,6597,77,6674,10085,-185,,2012,624,0,2636,0,4812,7988,0,7988,0,7988,,0,6598,0,0,0,0,7988,0,0,0,0,106
7,25,450,9,2022,725450,47267,0,0,0,47,0,47314,,18743,375,19118,28196,304,,4554,178,0,4732,0,10659,22131,0,22131,0,22131,,44,18743,0,0,0,0,22131,0,0,0,0,-166
7,25,457,9,2022,725457,152463,0,0,8,4187,0,156658,,53967,1835,55802,100856,4395,,15610,4469,0,20079,193,30349,86384,-1,86385,0,86385,,293,53967,-28374,250,0,-28124,58261,0,0,0,0,0
7,25,466,9,2022,725466,7628,0,0,0,0,0,7628,,2835,224,3059,4569,128,,598,13,0,611,0,1907,3113,3,3110,0,3110,,0,2835,0,0,0,0,3110,0,0,0,0,32
7,25,488,9,2022,725488,10246,0,0,0,0,0,10246,,3878,56,3934,6312,-367,,856,624,0,1480,0,3258,4917,4,4913,0,4913,,24,3878,0,24,0,24,4937,0,0,0,0,-16
7,25,646,9,2022,725646,3257,0,0,0,0,0,3257,,1217,5,1222,2035,40,,231,110,0,341,-185,1666,495,0,495,0,495,,67,1218,0,12,0,12,507,0,0,0,0,-10
7,25,676,9,2022,725676,16692,0,0,0,0,0,16692,,7008,224,7232,9460,-296,,1770,261,0,2031,-2,6332,5304,0,5304,0,5304,,15,7008,0,0,0,0,5304,0,0,0,0,149
7,25,715,9,2022,725715,4426,0,0,0,0,0,4426,,1277,22,1299,3127,136,,338,611,0,949,21,1798,2210,0,2210,0,2210,,16,1277,0,0,0,0,2210,0,0,0,0,-47
7,25,818,9,2022,725818,25129,0,0,0,0,10,25139,,9602,133,9735,15404,1233,,2487,154,0,2641,7,5475,11321,0,11321,0,11321,,28,9603,0,-3,0,-3,11318,0,0,0,0,23
7,25,839,9,2022,725839,27391,0,0,0,0,3,27394,,11345,3,11348,16046,346,,2451,2887,0,5338,96,8304,12430,0,12430,0,12430,,-106,11345,0,0,0,0,12430,0,0,0,0,400
7,25,898,9,2022,725898,167435,0,0,20,1535,171,169161,,60304,2029,62333,106828,932,,23226,9288,2787,35301,-86,51988,88123,156,87967,0,87967,,708,60304,-14076,373,0,-13703,74264,0,0,0,0,1000
7,25,940,9,2022,725940,16625,0,0,0,0,0,16625,,6803,48,6851,9774,922,,1419,602,62,2083,1,5944,5032,5,5027,0,5027,,13,6803,0,0,0,0,5027,0,0,0,0,-40
7,25,947,9,2022,725947,22923,0,0,0,0,0,22923,,8304,13,8317,14606,1067,,1775,1722,0,3497,115,8387,8373,59,8314,0,8314,,64,8304,0,10,0,10,8324,0,0,0,0,391
7,25,983,9,2022,725983,14075,0,0,0,0,0,14075,,5391,38,5429,8646,-38,,1204,431,7,1642,0,5960,4386,0,4386,0,4386,,50,5392,0,9,0,9,4395,0,0,0,0,-20
8,10,586,9,2022,810586,12021,0,0,0,0,2,12023,,5525,0,5525,6498,55,,1417,31,0,1448,9,2193,5686,0,5686,0,5686,,3,5525,0,0,-3,-3,5683,0,0,0,0,21
9,25,0,9,2022,925000,1031372,0,0,0,234518,7916,1273806,809464,0,14325,823789,450017,-71944,,38687,41666,945,81298,17888,141619,437584,42708,394876,0,394876,370571,617,,-819553,0,1128,-771212,-376336,47213,0,0,0,41944
20,0,2,9,2022,2000002,0,0,0,0,0,0,0,0,0,0,0,0,0,,0,8500,-1074,7426,0,7398,28,0,28,0,28,0,0,0,0,0,0,0,28,0,0,0,0,0
20,0,4,9,2022,2000004,33036,0,0,0,0,4140,37176,0,12681,0,12681,24495,-801,,0,117,542,659,694,14851,11798,2726,9072,0,9072,0,352,0,0,0,0,0,9072,0,0,0,0,0
20,0,7,9,2022,2000007,0,0,0,0,0,20,20,0,0,0,0,20,0,,0,17700,0,17700,0,17754,-34,3,-37,0,-37,0,0,0,0,0,0,0,-37,0,0,0,0,0
20,0,9,9,2022,2000009,0,9,0,0,0,0,9,0,0,0,0,9,0,,0,6988,0,6988,-501,7425,-929,0,-929,0,-929,0,0,0,0,2,0,2,-927,0,0,0,0,0
20,0,11,9,2022,2000011,0,0,0,0,0,0,0,0,0,0,0,0,0,,0,2484,0,2484,0,2280,204,0,204,0,204,0,0,0,0,0,0,0,204,0,0,0,0,0
20,0,12,9,2022,2000012,0,0,0,0,0,7,7,0,30,0,30,-23,0,,0,11292,0,11292,-64,11407,-202,10,-212,0,-212,0,0,0,0,-1,0,-1,-213,0,0,0,0,0
