6,10,0,9,2022,610000,11500,1315,0,26,0,12841,0,0,0,0,0,0,0,0,0,26,0,0,0,0,0,0,0,0,0,0,508,1386,8150,523,2099,60,0,27,28,0,0,12841,0,0,60
6,20,0,9,2022,620000,21383,1039,344,50,0,22128,13,0,0,0,0,0,331,0,0,0,0,0,0,0,0,50,0,0,0,0,1331,3621,6466,1287,2669,214,6019,82,3,0,344,22128,0,0,92
6,22,0,9,2022,622000,32870,1000,494,754,0,34130,0,459,0,0,0,0,35,0,0,1,750,0,0,0,0,3,0,0,0,0,3455,26189,3875,77,106,8,106,7,0,0,307,34130,0,0,0
7,10,56,9,2022,710056,967,97,0,1,0,1065,0,0,0,0,0,0,0,0,0,0,1,0,0,0,0,0,0,0,0,0,177,426,433,5,5,5,9,4,1,0,0,1065,0,0,0
7,10,261,9,2022,710261,3078,-220,0,0,0,2858,0,0,0,0,0,0,0,0,0,0,0,0,0,0,0,0,0,0,0,0,1950,629,142,17,106,8,1,4,0,0,0,2858,0,0,1
7,10,269,9,2022,710269,7857,1554,0,5,0,9416,0,0,0,0,0,0,0,0,0,0,5,0,0,0,0,0,0,0,0,0,3354,4230,1716,29,6,11,5,12,52,0,0,9416,0,0,1
7,10,398,9,2022,710398,6238,2,0,8,0,6248,0,0,0,0,0,0,0,0,0,0,7,1,0,0,0,0,0,0,0,0,4774,389,815,92,136,2,20,20,0,0,0,6248,0,0,0
7,10,549,9,2022,710549,1792,-112,0,0,0,1680,0,0,0,0,0,0,0,0,0,0,0,0,0,0,0,0,0,0,0,0,367,333,552,31,387,0,1,9,0,0,0,1680,0,0,0
7,10,551,9,2022,710551,5472,0,0,5,0,5477,0,0,0,0,0,0,0,0,0,0,5,0,0,0,0,0,0,0,0,0,2469,1421,1569,0,0,0,18,0,0,0,0,5477,0,0,0
7,10,566,9,2022,710566,22279,4005,47,117,0,26354,0,47,0,0,0,0,0,0,0,9,107,1,0,0,0,0,0,0,0,0,12691,4907,6224,173,2301,0,27,0,31,0,0,26354,0,0,0
7,10,862,9,2022,710862,1461,-13,0,1,0,1449,0,0,0,0,0,0,0,0,0,0,1,0,0,0,0,0,0,0,0,0,872,18,297,3,251,1,7,0,0,0,0,1449,0,0,0
7,10,924,9,2022,710924,6707,-132,27,0,21,6569,26,1,0,0,0,0,0,0,0,0,0,0,0,0,0,0,0,0,0,0,5290,505,606,38,75,0,54,1,0,0,0,6569,0,0,0
7,10,973,9,2022,710973,1312,0,0,0,0,1312,0,0,0,0,0,0,0,0,0,0,0,0,0,0,0,0,0,0,0,0,884,85,41,2,269,1,30,0,0,0,0,1312,0,0,0
7,10,981,9,2022,710981,1642,83,12,0,0,1713,12,0,0,0,0,0,0,0,0,0,0,0,0,0,0,0,0,0,0,0,1260,298,130,15,1,4,4,1,0,0,0,1713,0,0,0
7,10,985,9,2022,710985,3351,-136,152,0,-31,3032,152,0,0,0,0,0,0,0,0,0,0,0,0,0,0,0,0,0,0,0,2681,122,194,2,220,5,16,1,0,0,0,3032,0,0,-209
7,10,990,9,2022,710990,8652,-138,0,9,-22,8501,0,0,0,0,0,0,0,0,0,9,0,0,0,0,0,0,0,0,0,0,7700,571,136,0,1,7,85,1,0,0,0,8501,0,0,0
7,20,33,9,2022,720033,20769,0,121,5,0,20653,47,74,0,0,0,0,0,0,0,0,5,0,0,0,0,0,0,0,0,0,15236,4604,620,55,0,18,120,0,0,0,0,20653,0,0,0
7,20,40,9,2022,720040,4476,0,65,0,0,4411,0,65,0,0,0,0,0,0,0,0,0,0,0,0,0,0,0,0,0,0,3646,694,43,0,0,0,28,0,0,0,0,4411,0,0,0
7,20,60,9,2022,720060,1218,62,4,8,0,1284,0,4,0,0,0,0,0,0,0,0,8,0,0,0,0,0,0,0,0,0,381,473,292,70,0,0,42,26,0,0,0,1284,0,0,0
7,20,105,9,2022,720105,8461,410,61,2,0,8812,61,0,0,0,0,0,0,0,0,2,0,0,0,0,0,0,0,0,0,0,5692,1870,784,108,0,16,53,68,221,0,0,8812,0,0,0
7,20,131,9,2022,720131,11704,599,154,125,0,12274,0,154,0,0,0,0,0,0,0,80,45,0,0,0,0,0,0,0,0,0,4039,6900,1201,19,5,0,108,2,0,0,0,12274,0,0,0
7,20,143,9,2022,720143,2457,-1742,0,17,0,732,0,0,0,0,0,0,0,0,0,0,17,0,0,0,0,0,0,0,0,0,489,159,37,3,1,3,35,5,0,0,0,732,0,0,0
7,20,168,9,2022,720168,4609,0,-10,15,0,4634,-11,1,0,0,0,0,0,0,0,0,15,0,0,0,0,0,0,0,0,0,2530,1246,720,69,3,0,17,31,18,0,0,4634,0,0,0
7,20,186,9,2022,720186,4952,-192,2,193,0,4951,0,2,0,0,0,0,0,0,0,192,1,0,0,0,0,0,0,0,0,0,3486,877,269,42,0,0,233,44,0,0,0,4951,0,0,0
7,20,188,9,2022,720188,3065,0,0,58,0,3123,0,0,0,0,0,0,0,0,0,17,37,0,0,0,0,4,0,0,0,0,1051,1684,349,7,2,0,28,2,0,0,0,3123,0,0,0
7,20,194,9,2022,720194,18290,0,217,81,0,18154,0,217,0,0,0,0,0,0,0,5,72,4,0,0,0,0,0,0,0,0,7630,9205,983,25,0,0,260,25,0,0,0,18154,0,0,26
7,20,331,9,2022,720331,5039,-748,58,721,0,4954,0,58,0,0,0,0,0,0,0,703,18,0,0,0,0,0,0,0,0,0,2124,2170,546,10,0,2,94,8,0,0,0,4954,0,0,0
7,20,335,9,2022,720335,13519,-444,0,4,0,13079,0,0,0,0,0,0,0,0,0,0,4,0,0,0,0,0,0,0,0,0,6353,5727,667,24,3,0,284,21,0,0,0,13079,0,0,0
7,20,336,9,2022,720336,5703,-12,0,118,0,5809,0,0,0,0,0,0,0,0,0,0,118,0,0,0,0,0,0,0,0,0,3517,2097,156,3,0,0,33,3,0,0,0,5809,0,0,0
7,20,345,9,2022,720345,23294,0,0,14,0,23308,0,0,0,0,0,0,0,0,0,0,14,0,0,0,0,0,0,0,0,0,9928,11447,1543,96,0,0,221,44,29,0,0,23308,0,0,0
7,20,376,9,2022,720376,8881,-975,0,459,0,8365,0,0,0,0,0,0,0,0,0,21,437,0,0,0,0,1,0,0,0,0,2912,3584,1503,176,80,22,73,14,0,0,0,8365,0,0,1
7,20,735,9,2022,720735,16721,-968,62,56,0,15747,0,62,0,0,0,0,0,0,0,31,24,0,0,0,0,1,0,0,0,0,12168,2427,381,0,0,0,770,0,0,0,0,15747,0,0,1
7,20,899,9,2022,720899,6762,954,0,0,0,7716,0,0,0,0,0,0,0,0,0,0,0,0,0,0,0,0,0,0,0,0,3362,2563,1510,16,0,0,255,3,7,0,0,7716,0,0,0
7,20,922,9,2022,720922,6896,-2953,28,8,0,3923,0,28,0,0,0,0,0,0,0,2,6,0,0,0,0,0,0,0,0,0,1067,2401,355,4,0,0,96,0,0,0,0,3923,0,0,0
7,22,12,9,2022,722012,40295,-2194,67,809,0,38843,18,45,0,0,0,0,4,0,0,14,781,0,0,0,0,14,0,0,0,0,5984,2972,28489,655,108,76,537,22,0,0,0,38843,0,0,0
7,22,114,9,2022,722114,2840,859,3,0,0,3696,0,3,0,0,0,0,0,0,0,0,0,0,0,0,0,0,0,0,0,0,176,963,2010,152,392,1,0,2,0,0,0,3696,0,0,0
7,22,146,9,2022,722146,7411,757,2,340,0,8506,0,2,0,0,0,0,0,0,0,0,340,0,0,0,0,0,0,0,0,0,1025,1073,5631,434,260,50,0,28,0,0,0,8506,0,0,5
7,22,198,9,2022,722198,61000,-4042,155,197,0,57000,48,102,0,0,0,0,5,0,0,60,111,24,0,0,0,2,0,0,0,0,21546,10400,21408,959,1181,70,1167,95,0,0,0,57000,0,0,174
7,22,216,9,2022,722216,21733,6645,0,13,0,28391,0,0,0,0,0,0,0,0,0,0,0,13,0,0,0,0,0,0,0,0,1833,7023,15582,1086,2652,83,2,113,0,0,0,28391,0,0,17
7,22,308,9,2022,722308,2295,312,0,1,0,2608,0,0,0,0,0,0,0,0,0,0,1,0,0,0,0,0,0,0,0,0,654,1827,123,0,0,0,4,0,0,0,0,2608,0,0,0
7,22,313,9,2022,722313,2346,1013,219,223,0,3363,219,0,0,0,0,0,0,0,0,194,29,0,0,0,0,0,0,0,0,0,587,476,1825,102,352,1,18,2,0,0,0,3363,0,0,0
7,22,350,9,2022,722350,9832,1829,0,0,0,11661,0,0,0,0,0,0,0,0,0,0,0,0,0,0,0,0,0,0,0,0,5461,2481,3293,66,339,0,19,2,0,0,0,11661,0,0,0
7,22,406,9,2022,722406,1117,-58,7,0,0,1052,0,7,0,0,0,0,0,0,0,0,0,0,0,0,0,0,0,0,0,0,164,845,43,0,0,0,0,0,0,0,0,1052,0,0,0
7,22,644,9,2022,722644,16834,0,15,3,0,16822,1,14,0,0,0,0,0,0,0,0,3,0,0,0,0,0,0,0,0,0,4264,3550,7921,616,347,38,46,40,0,0,0,16822,0,0,0
7,22,825,9,2022,722825,63409,-6410,1128,649,0,56520,261,784,5,0,0,0,78,0,0,55,574,0,0,0,0,20,0,0,0,0,18075,22422,14514,227,134,0,1111,0,13,0,0,56520,0,0,24
7,22,918,9,2022,722918,55124,3517,-227,25,0,58893,0,-227,0,0,0,0,0,0,0,12,13,0,0,0,0,0,0,0,0,0,28861,12571,13290,913,662,147,176,164,1051,0,0,58893,0,0,1058
7,25,31,9,2022,725031,1480,40,0,0,0,1520,0,0,0,0,0,0,0,0,0,0,0,0,0,0,0,0,0,0,0,0,591,852,70,7,0,0,0,0,0,0,0,1520,0,0,0
7,25,131,9,2022,725131,4099,-405,11,0,0,3683,0,11,0,0,0,0,0,0,0,0,0,0,0,0,0,0,0,0,0,0,823,491,2157,106,100,3,0,3,0,0,0,3683,0,0,0
7,25,247,9,2022,725247,1893,170,0,0,0,2063,0,0,0,0,0,0,0,0,0,0,0,0,0,0,0,0,0,0,0,0,677,1030,283,24,49,0,0,0,0,0,0,2063,0,0,0
7,25,256,9,2022,725256,35537,7230,952,824,0,42639,0,952,0,0,0,0,0,0,0,16,489,319,0,0,0,0,0,0,0,0,11499,13533,17082,273,75,91,0,86,0,0,0,42639,0,0,0
7,25,326,9,2022,725326,50108,-4125,230,147,0,45900,6,224,0,0,0,0,0,0,0,14,133,0,0,0,0,0,0,0,0,0,9767,19651,14376,941,777,151,170,67,0,0,0,45900,0,0,0
7,25,429,9,2022,725429,2284,-185,0,0,0,2099,0,0,0,0,0,0,0,0,0,0,0,0,0,0,0,0,0,0,0,0,452,1421,179,27,19,1,0,0,0,0,0,2099,0,0,0
7,25,450,9,2022,725450,11631,304,0,0,0,11935,0,0,0,0,0,0,0,0,0,0,0,0,0,0,0,0,0,0,0,0,4744,4207,2861,17,43,0,1,0,61,0,0,11935,0,0,0
7,25,457,9,2022,725457,73600,4395,0,5,0,78000,0,0,0,0,0,0,0,0,0,0,5,0,0,0,0,0,0,0,0,0,7408,44229,21418,479,572,150,0,25,3719,0,0,78000,0,0,0
7,25,466,9,2022,725466,2203,128,0,0,0,2331,0,0,0,0,0,0,0,0,0,0,0,0,0,0,0,0,0,0,0,0,505,1276,490,21,32,1,0,6,0,0,0,2331,0,0,0
7,25,488,9,2022,725488,1686,-367,1,1,0,1319,0,1,0,0,0,0,0,0,0,0,1,0,0,0,0,0,0,0,0,0,88,230,937,24,36,2,0,2,0,0,0,1319,0,0,0
7,25,646,9,2022,725646,454,40,0,4,0,498,0,0,0,0,0,0,0,0,0,0,4,0,0,0,0,0,0,0,0,0,157,243,22,30,45,0,0,1,0,0,0,498,0,0,0
7,25,676,9,2022,725676,7124,-296,0,3,0,6831,0,0,0,0,0,0,0,0,0,0,3,0,0,0,0,0,0,0,0,0,630,4297,1626,0,0,0,0,0,278,0,0,6831,0,0,0
7,25,715,9,2022,725715,1212,136,0,0,0,1348,0,0,0,0,0,0,0,0,0,0,0,0,0,0,0,0,0,0,0,0,574,251,459,43,21,0,0,0,0,0,0,1348,0,0,0
7,25,818,9,2022,725818,4354,1233,112,0,0,5475,0,112,0,0,0,0,0,0,0,0,0,0,0,0,0,0,0,0,0,0,1164,2480,1450,93,35,8,0,0,245,0,0,5475,0,0,0
7,25,839,9,2022,725839,3600,346,462,16,0,3500,16,446,0,0,0,0,0,0,0,6,10,0,0,0,0,0,0,0,0,0,1013,786,1499,83,48,6,62,3,0,0,0,3500,0,0,0
7,25,898,9,2022,725898,62000,932,47,115,0,63000,1,45,0,0,0,0,1,0,0,2,113,0,0,0,0,0,0,0,0,0,19347,21515,14803,1068,2962,587,1025,123,1567,0,0,63000,0,0,3
7,25,940,9,2022,725940,2836,922,0,0,0,3758,0,0,0,0,0,0,0,0,0,0,0,0,0,0,0,0,0,0,0,0,1381,626,1159,84,392,3,0,6,0,0,0,3758,0,0,107
7,25,947,9,2022,725947,9755,1067,655,0,0,10167,655,0,0,0,0,0,0,0,0,0,0,0,0,0,0,0,0,0,0,0,5001,4205,848,51,58,0,1,1,2,0,0,10167,0,0,0
7,25,983,9,2022,725983,1614,-38,0,0,0,1576,0,0,0,0,0,0,0,0,0,0,0,0,0,0,0,0,0,0,0,0,484,914,145,30,1,0,1,1,0,0,0,1576,0,0,0
8,10,586,9,2022,810586,2310,55,0,0,0,2365,0,0,0,0,0,0,0,0,0,0,0,0,0,0,0,0,0,0,0,0,1480,13,240,22,566,8,31,5,0,0,0,2365,0,0,0
9,25,0,9,2022,925000,730115,-71944,2861,1020,0,656330,0,0,0,0,989,0,0,0,1872,0,0,579,0,414,0,0,0,27,0,0,58976,59474,307573,46024,103126,13083,0,26696,41229,0,0,656330,0,0,149
20,0,2,9,2022,2000002,0,0,0,0,0,0,0,0,0,0,0,0,0,0,0,0,0,0,0,0,0,0,0,0,0,0,0,0,0,0,0,0,0,0,0,0,0,0,0,0,0
20,0,4,9,2022,2000004,43660,-801,1872,27,0,41014,0,0,0,0,0,0,0,0,1872,0,0,0,0,0,0,0,0,27,0,0,0,0,0,0,0,0,0,0,41014,0,0,41014,0,0,0
20,0,7,9,2022,2000007,0,0,0,0,0,0,0,0,0,0,0,0,0,0,0,0,0,0,0,0,0,0,0,0,0,0,0,0,0,0,0,0,0,0,0,0,0,0,0,0,0
20,0,9,9,2022,2000009,0,0,0,0,0,0,0,0,0,0,0,0,0,0,0,0,0,0,0,0,0,0,0,0,0,0,0,0,0,0,0,0,0,0,0,0,0,0,0,0,0
20,0,11,9,2022,2000011,0,0,0,0,0,0,0,0,0,0,0,0,0,0,0,0,0,0,0,0,0,0,0,0,0,0,0,0,0,0,0,0,0,0,0,0,0,0,0,0,0
20,0,12,9,2022,2000012,0,0,0,0,0,0,0,0,0,0,0,0,0,0,0,0,0,0,0,0,0,0,0,0,0,0,0,0,0,0,0,0,0,0,0,0,0,0,0,0,0
